Resp charges for organic molecule
 
 &cntrl
 
 nmol = 1,
 ihfree = 1,
 ioutopt = 1,
 qwt = 0.00050,
 
 &end
    1.0
Resp charges for organic molecule
   -2   95
    6    0
    6    0
    8    0
    1    0
    1    0
    1    0
    7    0
    6    0
    6    0
    8    0
    6    0
   16    0
    1    0
    1    0
    1    0
    1    0
    7    0
    6    0
    1    0
    1    0
    1    0
    1    0
    6    0
    6    0
    6    0
    6    0
    7    0
    6    0
    6    0
    6    0
    6    0
    7    0
    6    0
    6    0
    7    0
    6    0
    6    0
    6    0
    6    0
    6    0
    6    0
    6    0
    6    0
    6    0
    6    0
    6    0
    6    0
    8    0
    8    0
    6    0
    6    0
    6    0
    6    0
    8    0
    8    0
    6    0
    6    0
    6    0
    6    0
    6    0
    6    0
    6    0
    6    0
    7    0
    1    0
    1    0
    1    0
    1    0
    1    0
    1    0
    1    0
    1    0
    1    0
    1    0
    1    0
    1    0
    1    0
    1    0
    1    0
    1    0
    1    0
    1    0
    1    0
    1    0
    1    0
    1    0
    1    0
    1    0
    1    0
    1    0
    1    0
    1    0
    1    0
    1    0
   26    0
    6   0.00000
    1    1    1    2    1    3    1    4    1    5    1    6
    6   0.00000
    1   17    1   18    1   19    1   20    1   21    1   22
    1  -0.41570
    1    7
    1  -0.03510
    1    8
    1   0.59730
    1    9
    1  -0.56790
    1   10


