Resp charges for organic molecule
 
 &cntrl
 
 nmol = 1,
 ihfree = 1,
 ioutopt = 1,
 iqopt = 2,
 qwt = 0.00100,
 
 &end
    1.0
Resp charges for organic molecule
   -2   95
    6    0
    6    0
    8    0
    1    0
    1    4
    1    4
    7    0
    6    0
    6    0
    8    0
    6    0
   16    0
    1    0
    1    0
    1    0
    1   15
    7    0
    6    0
    1    0
    1    0
    1   20
    1   20
    6    0
    6    0
    6    0
    6    0
    7    0
    6    0
    6    0
    6    0
    6    0
    7    0
    6    0
    6    0
    7    0
    6    0
    6    0
    6    0
    6    0
    6    0
    6    0
    6    0
    6    0
    6    0
    6    0
    6    0
    6    0
    8    0
    8    0
    6    0
    6    0
    6    0
    6    0
    8    0
    8    0
    6    0
    6    0
    6    0
    6    0
    6    0
    6    0
    6    0
    6    0
    7    0
    1    0
    1   65
    1    0
    1    0
    1    0
    1   69
    1    0
    1   71
    1    0
    1   73
    1    0
    1   75
    1    0
    1   77
    1    0
    1    0
    1    0
    1    0
    1    0
    1   83
    1   83
    1    0
    1   86
    1   86
    1    0
    1   89
    1   89
    1    0
    1   92
    1   92
   26    0
    6   0.00000
    1    1    1    2    1    3    1    4    1    5    1    6
    6   0.00000
    1   17    1   18    1   19    1   20    1   21    1   22
    1  -0.41570
    1    7
    1  -0.03510
    1    8
    1   0.59730
    1    9
    1  -0.56790
    1   10


