
**********************************************************************
*                                                                    *
*                        M   A   P   L   E                           *
*                                                                    *
*      MAchine-learning Potential for Landscape Exploration          *
*                                                                    *
*                                                                    *
*      © 2025 University of Pittsburgh. All rights reserved.         *
*      Licensed under CC BY 4.0 for academic use.                    *
*                                                                    *
*      Principal Developer:  Xujian Wang                             *
*                                                                    *
**********************************************************************


Parsing # commands...
Global parameter: model = ani2x
Task set to 'parmfit'
Parsed configuration:
----------------------------------------
Task: parmfit
model          : ani2x
method         : correction
mol2           : demo2_ff.mol2
frcmod         : demo2_ff.frcmod

                             Coordinates                              
**********************************************************************

Group 1 (inline)
--------------------
1    C             -3.368200            -1.567500             0.051800
2    C             -2.038700            -1.517200             0.491800
3    C             -1.308900            -0.325800             0.382400
4    C             -1.908800             0.815400            -0.167000
5    C             -3.238400             0.765100            -0.607100
6    C             -3.968100            -0.426300            -0.497700
7    H              0.478600            -1.146800             1.242000
8    H             -3.925400            -2.477100             0.135300
9    H             -1.580700            -2.388500             0.911400
10   C              0.020600            -0.275500             0.822500
11   C             -1.179100             2.006800            -0.276400
12   H             -3.696400             1.636400            -1.026600
13   H             -4.983200            -0.464700            -0.833700
14   C              0.150500             2.057100             0.163700
15   C              0.750300             0.915900             0.713100
16   H             -1.637100             2.878100            -0.695900
17   H              0.707600             2.966700             0.080100
18   C              2.211400             0.971200             1.196700
19   C              3.150700             0.591300             0.036900
20   H              2.345900             0.282800             2.004700
21   H              2.439400             1.961900             1.530500
22   H              4.165800             0.629700             0.372900
23   H              3.016200             1.279700            -0.771100
24   C              2.822500            -0.834600            -0.443400
25   O              1.971400            -1.011800            -1.353200
26   O              3.485000            -1.957300             0.144400
27   H              3.557600            -2.661500            -0.504000

======================================================================
                      Parmfit Correction Summary                      
======================================================================
mol2:              /home/hungn/Desktop/MyRepo/MLP/MAPLE/maple/function/dispatcher/parmfit/example/demo2_ff.mol2
frcmod:            /home/hungn/Desktop/MyRepo/MLP/MAPLE/maple/function/dispatcher/parmfit/example/demo2_ff.frcmod
Topology atoms:    27
Topology bonds:    28
Bond terms:        28 (unmatched: 0)
Angle terms:       46 (unmatched: 0)
Dihedral terms:    67 (unmatched: 0)
Improper terms:    19 (unmatched: 8)
Nonbond terms:     27 (unmatched: 0)
Dynamic correction:applied
======================================================================

============================================================================================
                                    Torsion Fit Summary                                     
============================================================================================
torsionfit:      enabled
scan grid:       5.0000 deg x 72 steps
refinement:      10 rounds, max_iter=30, tol=0.0001
center bonds:    auto-select non-ring center bonds with proper torsions
completed fits:  4

============================================================================================
                                  Parmfit Torsion Scan Fit                                  
============================================================================================
Center bond: (15, 18)
Representative dihedral: (10, 15, 18, 19)
Scan xyz: /home/hungn/Desktop/MyRepo/MLP/MAPLE/maple/function/dispatcher/parmfit/example/corr2_torsionfit_15-18_scan_final.xyz
Target proper count: 6

Target proper order:
   1. atoms=(10, 15, 18, 19) types=('ca', 'ca', 'c3', 'c3')
   2. atoms=(10, 15, 18, 20) types=('ca', 'ca', 'c3', 'hc')
   3. atoms=(10, 15, 18, 21) types=('ca', 'ca', 'c3', 'hc')
   4. atoms=(14, 15, 18, 19) types=('ca', 'ca', 'c3', 'c3')
   5. atoms=(14, 15, 18, 20) types=('ca', 'ca', 'c3', 'hc')
   6. atoms=(14, 15, 18, 21) types=('ca', 'ca', 'c3', 'hc')

Stage-1 delta initializer:
  step 1: group=(1, 2, 3, 4, 5, 6) delta_kPhi=[3.393989, -0.883744, -0.153338, -2.806113, -0.928699, 0.092738]

Stage-1 fitted kPhi per proper:
   1.1: kPhi 0.240000 -> 3.633989  n=2.000  phase=180.000
   2.1: kPhi 0.000000 -> -0.883744  n=1.000  phase=0.000
   3.1: kPhi 0.000000 -> -0.153338  n=1.000  phase=0.000
   4.1: kPhi 0.240000 -> -2.566113  n=2.000  phase=180.000
   5.1: kPhi 0.000000 -> -0.928699  n=1.000  phase=0.000
   6.1: kPhi 0.000000 -> 0.092738  n=1.000  phase=0.000

Point table:
 angle_deg      QM_rel      orig_MM    MM_zeroed_rel    torsion_fit    MM_refit_rel    residual_after
   92.8502    0.243425    0.471772        0.431835      0.165678      0.637450       -0.394025
   97.8502    0.194016    0.951935        0.924607      0.135617      1.087552       -0.893536
  102.8502    0.276404    1.425960        1.430545      0.135239      1.561198       -1.284794
  107.8502    0.145318    1.607751        1.662056      0.175990      1.783740       -1.638422
  112.8502    0.696023    2.509481        2.592507     -0.173603      2.335877       -1.639854
  117.8502    0.000000    0.932983        1.099162     -0.022973      0.910010       -0.910010
  122.8502    0.346459    1.466456        1.676995     -0.435306      1.031150       -0.684691
  127.8502    0.792736    2.297770        2.575199     -0.658190      1.639580       -0.846844
  132.8502    1.849225    3.688186        4.015726     -1.137236      2.550949       -0.701724
  137.8502    0.794008    1.352962        1.799575     -0.796900      0.556062        0.237946
  142.8502    1.198254    2.147102        2.666184     -1.001282      1.145820        0.052434
  147.8502    1.628457    2.840887        3.451797     -0.908991      1.931896       -0.303439
  152.8502    1.450711    1.808796        2.513258     -0.705315      1.103481        0.347230
  157.8502    1.864196    2.448120        3.188631     -1.130153      1.317966        0.546229
  162.8502    1.460062    1.908482        2.737903     -0.691130      1.217352        0.242710
  167.8502    1.669151    2.333476        3.185165     -0.998724      1.334752        0.334400
  172.8502    1.767856    2.805523        3.703085     -0.747906      2.057617       -0.289761
  177.8502    1.402771    2.038491        2.953688     -0.670898      1.367593        0.035177
  182.8502    1.704870    2.588543        3.503672     -0.706192      1.882350       -0.177480
  187.8502    1.396552    2.086300        2.983622     -0.616649      1.469651       -0.073098
  192.8502    1.522131    2.548566        3.422377     -0.522948      2.025618       -0.503487
  197.8502    1.678231    2.726467        3.552771     -0.484656      2.241811       -0.563581
  202.8502    2.285600    3.520034        4.315317     -0.203473      3.316560       -1.030960
  207.8502    1.479951    1.662644        2.359205     -0.404047      1.258597        0.221354
  212.8502    1.633310    2.207041        2.854781     -0.075407      2.131634       -0.498324
  217.8502    1.871985    2.576821        3.142327      0.005497      2.582318       -0.710333
  222.8502    1.383901    0.671909        1.115877     -0.260112      0.411797        0.972104
  227.8502    1.527583    1.135548        1.533268      0.213291      1.348839        0.178743
  232.8502    1.784613    1.620263        1.949081      0.453497      2.073759       -0.289147
  237.8502    0.952361    0.120541        0.337317      0.224782      0.345323        0.607038
  242.8502    0.965648    0.180157        0.348046      0.539452      0.719609        0.246039
  247.8502    1.217077    0.483238        0.596394      0.699641      1.182879        0.034197
  252.8502    1.553353    0.820899        0.884202      0.788632      1.609531       -0.056178
  257.8502    0.772399    0.000000        0.000000      0.627393      0.627393        0.145005
  262.8502    0.853983    0.181849        0.164882      0.739104      0.920953       -0.066970
  267.8502    1.252300    0.570485        0.536632      0.701703      1.272187       -0.019887
  272.8502    0.568639    0.485928        0.444037      0.630831      1.116759       -0.548120
  277.8502    0.693236    0.480242        0.447444      0.505920      0.986162       -0.292926
  282.8502    1.195935    1.035903        1.022142      0.327763      1.363667       -0.167732
  287.8502    1.730659    1.756070        1.776167      0.165969      1.922038       -0.191379
  292.8502    1.006304    0.919186        1.022269      0.444096      1.363282       -0.356977
  297.8502    1.157027    1.335137        1.478282      0.055566      1.390702       -0.233675
  302.8502    1.893164    2.098231        2.287418     -0.361018      1.737212        0.155951
  307.8502    0.841322    1.463095        1.801092      0.326671      1.789766       -0.948444
  312.8502    0.961711    1.883164        2.269062     -0.185682      1.697482       -0.735771
  317.8502    1.447925    2.810992        3.263229     -0.502379      2.308613       -0.860688
  322.8502    1.005715    1.632297        2.214303     -0.104426      1.527871       -0.522156
  327.8502    1.222126    2.170682        2.801529     -0.537676      1.633006       -0.410880
  332.8502    1.646223    3.085620        3.777843     -0.758293      2.327327       -0.681103
  337.8502    0.931181    1.417390        2.215255     -0.432598      0.984791       -0.053610
  342.8502    0.886046    1.573807        2.404340     -0.717877      0.855930        0.030116
  347.8502    1.053927    2.177988        3.044912     -0.828048      1.349940       -0.296013
  352.8502    0.606537    1.341372        2.246988     -0.809059      0.532313        0.074225
  357.8502    0.692526    1.462851        2.376646     -0.850015      0.612835        0.079690
  362.8502    0.881801    2.063458        2.978698     -0.814318      1.249140       -0.367339
  367.8502    1.082465    2.540352        3.445454     -0.752562      1.787790       -0.705324
  372.8502    0.775438    1.801018        2.670617     -0.859152      0.941867       -0.166429
  377.8502    1.002106    1.942396        2.789815     -0.502030      1.440366       -0.438260
  382.8502    1.410242    2.373969        3.182782     -0.231014      2.142955       -0.732713
  387.8502    0.934099    1.276491        1.996161     -0.538497      0.737994        0.196105
  392.8502    1.333632    1.612427        2.295758      0.055629      1.668057       -0.334424
  397.8502    1.578946    1.645136        2.263310      0.317196      1.962332       -0.383386
  402.8502    1.351352    1.282088        1.765271     -0.322404      0.959684        0.391668
  407.8502    1.570203    0.964505        1.405009      0.330219      1.294724        0.275478
  412.8502    2.121646    1.357390        1.732693      0.655554      2.012944        0.108702
  417.8502    1.470909    0.817328        1.046794     -0.176779      0.640549        0.830360
  422.8502    1.650244    0.751190        0.943013      0.380427      1.131617        0.518627
  427.8502    1.041033    0.151161        0.235479     -0.151161      0.000000        1.041033
  432.8502    1.058415    0.020167        0.072997      0.217122      0.237289        0.821126
  437.8502    1.450197    0.470917        0.490787      0.390726      0.861643        0.588554
  442.8502    0.916884    0.786223        0.754980      0.082009      0.868233        0.048652
  447.8502    1.006585    0.647261        0.608107      0.210656      0.857917        0.148668
  452.8502    1.399423    1.334412        1.292369      0.179329      1.513740       -0.114317

Local initializer RMSE: 0.575514
MAE:                   0.446956
MaxAbsError:           1.639854

============================================================================================
                                  Parmfit Torsion Scan Fit                                  
============================================================================================
Center bond: (18, 19)
Representative dihedral: (15, 18, 19, 22)
Scan xyz: /home/hungn/Desktop/MyRepo/MLP/MAPLE/maple/function/dispatcher/parmfit/example/corr2_torsionfit_18-19_scan_final.xyz
Target proper count: 9

Target proper order:
   1. atoms=(15, 18, 19, 22) types=('ca', 'c3', 'c3', 'hc')
   2. atoms=(15, 18, 19, 23) types=('ca', 'c3', 'c3', 'hc')
   3. atoms=(15, 18, 19, 24) types=('ca', 'c3', 'c3', 'c')
   4. atoms=(20, 18, 19, 22) types=('hc', 'c3', 'c3', 'hc')
   5. atoms=(20, 18, 19, 23) types=('hc', 'c3', 'c3', 'hc')
   6. atoms=(20, 18, 19, 24) types=('hc', 'c3', 'c3', 'c')
   7. atoms=(21, 18, 19, 22) types=('hc', 'c3', 'c3', 'hc')
   8. atoms=(21, 18, 19, 23) types=('hc', 'c3', 'c3', 'hc')
   9. atoms=(21, 18, 19, 24) types=('hc', 'c3', 'c3', 'c')

Stage-1 delta initializer:
  step 1: group=(1, 2, 3, 4, 5, 6, 7, 8, 9) delta_kPhi=[-3.201045, -15.385764, -6.798391, 0.159504, 15.724501, -14.598213, -2.677300, -0.037797, 19.068905]

Stage-1 fitted kPhi per proper:
   1.1: kPhi 0.155556 -> -3.045489  n=3.000  phase=0.000
   2.1: kPhi 0.155556 -> -15.230209  n=3.000  phase=0.000
   3.1: kPhi 0.820000 -> -5.978391  n=1.000  phase=0.000
   4.1: kPhi 0.120000 -> 0.279504  n=3.000  phase=0.000
   5.1: kPhi 0.120000 -> 15.844501  n=3.000  phase=0.000
   6.1: kPhi 0.155556 -> -14.442658  n=3.000  phase=0.000
   7.1: kPhi 0.120000 -> -2.557300  n=3.000  phase=0.000
   8.1: kPhi 0.120000 -> 0.082203  n=3.000  phase=0.000
   9.1: kPhi 0.155556 -> 19.224461  n=3.000  phase=0.000

Point table:
 angle_deg      QM_rel      orig_MM    MM_zeroed_rel    torsion_fit    MM_refit_rel    residual_after
  179.1184    1.560506    1.944176        0.000000     -1.944176      0.000000        1.560506
  184.1184    1.798517    2.446425        0.539627     -1.670997      0.775427        1.023090
  189.1184    2.101683    2.286461        0.531197     -0.234044      2.052417        0.049266
  194.1184    1.352399    2.824384        1.207469      0.765779      3.590163       -2.237764
  199.1184    2.120936    3.153854        1.711184      2.522028      5.675882       -3.554946
  204.1184    2.968382    2.881166        1.709359      4.074682      6.955848       -3.987466
  209.1184    4.218345    3.964049        2.937048      6.693532     10.657581       -6.439236
  214.1184    4.415194    0.869729        0.423355      6.224681      7.094410       -2.679216
  219.1184    5.290534    1.580468        1.335882      8.212736      9.793204       -4.502670
  224.1184    5.966210    0.491913        0.663230      6.531586      7.023499       -1.057289
  229.1184    6.340767    0.000000        0.487888      4.772388      4.772388        1.568380
  234.1184    6.810515    0.436556        0.989569      5.867326      6.303882        0.506633
  239.1184    6.734784    0.218259        0.871141      3.549230      3.767489        2.967295
  244.1184    6.909697    0.744482        1.377715      3.395785      4.140267        2.769430
  249.1184    6.245653    0.936057        1.289368      3.749363      4.685420        1.560233
  254.1184    5.587201    1.041854        1.143577      3.905837      4.947691        0.639510
  259.1184    5.158326    1.230885        1.195901      1.986234      3.217119        1.941207
  264.1184    4.314619    2.314270        1.777144      4.519392      6.833663       -2.519044
  269.1184    3.781718    2.535278        1.827612      2.333646      4.868924       -1.087206
  274.1184    2.941845    3.415581        2.276773      3.570068      6.985649       -4.043804
  279.1184    2.519431    3.512798        2.238521      1.003488      4.516286       -1.996855
  284.1184    2.037968    4.156195        2.601865      1.115696      5.271891       -3.233924
  289.1184    1.701616    4.636114        2.897606     -0.109565      4.526549       -2.824933
  294.1184    1.748790    5.264376        3.445864     -1.409476      3.854900       -2.106110
  299.1184    1.798648    6.150282        4.219872     -1.468336      4.681946       -2.883298
  304.1184    2.263822    7.228370        5.282049     -1.775989      5.452382       -3.188559
  309.1184    3.052070    8.870971        6.938434     -1.526224      7.344747       -4.292677
  314.1184    3.484078    8.726278        6.848097     -1.424681      7.301597       -3.817519
  319.1184    4.491037   10.378792        8.595675     -0.563645      9.815147       -5.324110
  324.1184    4.493684    6.159808        4.521504     -0.261683      5.898125       -1.404441
  329.1184    5.454151    7.537274        6.080091      0.290585      7.827859       -2.373708
  334.1184    6.597433    8.808095        7.559867      0.168371      8.976466       -2.379034
  339.1184    6.512211    3.465184        2.489668     -1.504495      1.960689        4.551523
  344.1184    6.857193    4.538070        3.764093     -2.808650      1.729419        5.127773
  349.1184    3.190319   11.704813       11.101899     -4.538457      7.166355       -3.976036
  354.1184    3.368944   12.060726       11.511499     -4.158683      7.902042       -4.533098
  359.1184    3.556957   12.427636       11.908313     -5.334813      7.092823       -3.535866
  364.1184    3.516357   13.139271       12.497709     -6.388625      6.750646       -3.234289
  369.1184    2.990029   12.339561       11.411709     -7.168104      5.171457       -2.181428
  374.1184    2.734579   12.766945       11.647611     -7.549028      5.217918       -2.483338
  379.1184    2.259689   12.790017       11.295475     -7.883268      4.906748       -2.647059
  384.1184    1.998265   13.049384       11.365783     -9.361814      3.687569       -1.689305
  389.1184    1.410896   12.988967       10.914459    -10.343442      2.645525       -1.234629
  394.1184    1.150818   13.043743       10.734304    -11.175419      1.868324       -0.717506
  399.1184    0.842669   13.583673       10.937764    -11.044857      2.538816       -1.696148
  404.1184    0.781927   13.562281       10.789707    -13.245387      0.316894        0.465032
  409.1184    0.237038   13.371824       10.323882    -12.187749      1.184076       -0.947038
  414.1184    0.209529   13.559484       10.447955    -13.058570      0.500915       -0.291386
  419.1184    0.648746   14.006054       10.867164    -13.592140      0.413914        0.234832
  424.1184    0.025574   13.391790       10.249184    -11.678668      1.713122       -1.687548
  429.1184    0.303044   13.305293       10.225432    -11.143230      2.162063       -1.859019
  434.1184    0.812382   13.527965       10.584857    -10.363204      3.164761       -2.352379
  439.1184    0.612391   13.179409       10.504840     -8.673832      4.505577       -3.893186
  444.1184    1.096744   13.237151       10.732480     -7.029624      6.207527       -5.110783
  449.1184    1.677492   13.306631       11.140805     -7.162072      6.144559       -4.467067
  454.1184    2.182360   13.444745       11.625527     -6.765690      6.679055       -4.496696
  459.1184    2.136430   12.363499       10.923941     -6.124259      6.239240       -4.102810
  464.1184    2.690033   13.010828       11.707172     -4.138155      8.872673       -6.182640
  469.1184    3.159593   12.783842       11.832343     -6.010170      6.773672       -3.614079
  474.1184    3.035632   12.093525       11.388181     -6.328383      5.765141       -2.729509
  479.1184    3.339471   12.798508       12.152241     -5.703918      7.094590       -3.755118
  484.1184    2.887528   11.702788       11.169200     -6.033475      5.669313       -2.781786
  489.1184    2.446440   11.918855       11.298677     -5.356013      6.562842       -4.116402
  494.1184    1.759572   11.470804       10.696403     -3.914859      7.555945       -5.796374
  499.1184    1.472741   11.806178       10.901009     -4.934523      6.871655       -5.398913
  504.1184    0.592399   11.450117       10.329963     -3.809113      7.641004       -7.048605
  509.1184    0.302736   11.708088       10.416901     -5.240441      6.467647       -6.164911
  514.1184    0.157988   12.247325       10.733732     -5.427797      6.819529       -6.661541
  519.1184    0.000000   12.179969       10.446686     -4.564745      7.615224       -7.615224
  524.1184    0.225275   12.740530       10.952208     -7.110509      5.630021       -5.404746
  529.1184    0.208678   12.453987       10.498304     -5.346257      7.107730       -6.899052
  534.1184    0.281715   12.349357       10.337716     -5.161398      7.187959       -6.906244
  539.1184    0.888178   13.069070       11.059205     -5.696901      7.372169       -6.483991

Local initializer RMSE: 3.768981
MAE:                   3.254716
MaxAbsError:           7.615224

============================================================================================
                                  Parmfit Torsion Scan Fit                                  
============================================================================================
Center bond: (19, 24)
Representative dihedral: (18, 19, 24, 25)
Scan xyz: /home/hungn/Desktop/MyRepo/MLP/MAPLE/maple/function/dispatcher/parmfit/example/corr2_torsionfit_19-24_scan_final.xyz
Target proper count: 6

Target proper order:
   1. atoms=(18, 19, 24, 25) types=('c3', 'c3', 'c', 'o')
   2. atoms=(18, 19, 24, 26) types=('c3', 'c3', 'c', 'oh')
   3. atoms=(22, 19, 24, 25) types=('hc', 'c3', 'c', 'o')
   4. atoms=(22, 19, 24, 26) types=('hc', 'c3', 'c', 'oh')
   5. atoms=(23, 19, 24, 25) types=('hc', 'c3', 'c', 'o')
   6. atoms=(23, 19, 24, 26) types=('hc', 'c3', 'c', 'oh')

Stage-1 delta initializer:
  step 1: group=(1, 2, 3, 4, 5, 6) delta_kPhi=[0.072520, -0.482716, -0.406122, 0.784915, -3.530704, -2.787951, -1.983170, -3.520527, -4.603721, 1.360760]

Stage-1 fitted kPhi per proper:
   1.1: kPhi 0.200000 -> 0.272520  n=2.000  phase=180.000
   1.2: kPhi 0.440000 -> -0.042716  n=3.000  phase=180.000
   1.3: kPhi 0.680000 -> 0.273878  n=1.000  phase=0.000
   2.1: kPhi 0.000000 -> 0.784915  n=2.000  phase=180.000
   3.1: kPhi 4.030000 -> 0.499296  n=1.000  phase=0.000
   3.2: kPhi 3.660000 -> 0.872049  n=2.000  phase=180.000
   4.1: kPhi 0.000000 -> -1.983170  n=2.000  phase=180.000
   5.1: kPhi 4.030000 -> 0.509473  n=1.000  phase=0.000
   5.2: kPhi 3.660000 -> -0.943721  n=2.000  phase=180.000
   6.1: kPhi 0.000000 -> 1.360760  n=2.000  phase=180.000

Point table:
 angle_deg      QM_rel      orig_MM    MM_zeroed_rel    torsion_fit    MM_refit_rel    residual_after
   95.0877    2.163518    0.312264        0.285783      2.492507      2.804771       -0.641253
  100.0877    1.958151    0.153646        0.232399      2.247588      2.401234       -0.443083
  105.0877    1.829767    0.080989        0.071140      1.869335      1.950325       -0.120558
  110.0877    1.687254    0.267211        0.164521      1.413430      1.680641        0.006613
  115.0877    1.566603    0.482390        0.218122      0.925984      1.408374        0.158229
  120.0877    1.455190    0.800621        0.357407      0.441047      1.241668        0.213522
  125.0877    1.337326    1.149399        0.518100     -0.047385      1.102015        0.235311
  130.0877    1.201742    1.521564        0.706986     -0.519144      1.002421        0.199321
  135.0877    1.207436    1.776111        0.881235     -0.763746      1.012365        0.195071
  140.0877    1.039396    2.318790        1.197797     -1.353940      0.964851        0.074546
  145.0877    1.101494    2.627972        1.403152     -1.664984      0.962988        0.138506
  150.0877    1.353325    2.927751        1.682777     -1.867265      1.060485        0.292839
  155.0877    1.364947    3.398319        2.005654     -2.202925      1.195394        0.169553
  160.0877    1.611046    3.733921        2.287653     -2.400365      1.333556        0.277490
  165.0877    1.760151    3.947397        2.487587     -2.396891      1.550505        0.209646
  170.0877    2.178264    4.214864        2.740514     -2.578682      1.636182        0.542082
  175.0877    2.448787    4.752757        3.216819     -2.476902      2.275855        0.172932
  180.0877    2.535879    4.569535        3.018523     -2.091413      2.478122        0.057757
  185.0877    2.735617    4.321027        2.806144     -1.593494      2.727533        0.008085
  190.0877    3.115795    4.698023        3.163309     -1.645900      3.052122        0.063672
  195.0877    3.194032    4.154177        2.671305     -0.767647      3.386530       -0.192498
  200.0877    3.471053    4.369648        2.880594     -0.653571      3.716077       -0.245024
  205.0877    3.547223    3.699053        2.304011      0.138072      3.837125       -0.289902
  210.0877    3.799652    3.841637        2.443176      0.193692      4.035329       -0.235676
  215.0877    3.767767    2.952749        1.732825      1.009815      3.962564       -0.194798
  220.0877    3.956032    3.006049        1.828568      1.164707      4.170756       -0.214724
  225.0877    3.930701    2.169603        1.203963      1.778454      3.948057       -0.017356
  230.0877    4.103548    2.064940        1.210858      2.043722      4.108662       -0.005114
  235.0877    4.233970    1.654019        0.995821      2.452407      4.106426        0.127544
  240.0877    4.269736    1.155548        0.662765      2.763663      3.919211        0.350525
  245.0877    3.936013    0.743085        0.414765      2.952190      3.695275        0.240738
  250.0877    3.938836    0.494276        0.315788      3.214024      3.708301        0.230536
  255.0877    3.952881    0.233618        0.211516      3.416186      3.649804        0.303077
  260.0877    3.962568    0.113367        0.194929      3.524317      3.637683        0.324885
  265.0877    3.988301    0.142495        0.256827      3.511085      3.653580        0.334722
  270.0877    4.027995    0.304308        0.370455      3.389317      3.693625        0.334369
  275.0877    4.072765    0.683824        0.585585      3.075112      3.758936        0.313830
  280.0877    4.122099    1.277067        0.890862      2.554852      3.831919        0.290180
  285.0877    2.334223    0.951814        0.252616      1.583547      2.535362       -0.201138
  290.0877    2.143985    1.293414        0.107838      0.881931      2.175345       -0.031360
  295.0877    1.785379    2.329755        0.422966     -0.225952      2.103803       -0.318424
  300.0877    1.641305    2.932779        0.366009     -1.123228      1.809552       -0.168247
  305.0877    1.410952    4.084635        0.631082     -2.425589      1.659046       -0.248094
  310.0877    1.129517    4.784442        0.429190     -3.781843      1.002600        0.126918
  315.0877    1.001264    5.572432        0.479907     -4.654884      0.917549        0.083716
  320.0877    0.786453    6.763455        0.591269     -6.018359      0.745096        0.041356
  325.0877    0.533126    7.155792        0.216774     -6.957877      0.197915        0.335210
  330.0877    0.359176    7.994122        0.324216     -7.770832      0.223290        0.135886
  335.0877    0.268793    8.736582        0.262558     -8.608320      0.128262        0.140531
  340.0877    0.201496    9.315227        0.301260     -9.110492      0.204735       -0.003238
  345.0877    0.000000    9.477599        0.032436     -9.477599      0.000000        0.000000
  350.0877    0.093946    9.990078        0.148807     -9.902486      0.087592        0.006354
  355.0877    0.257843   10.385237        0.277334    -10.013434      0.371803       -0.113959
  360.0877    0.509057   10.572936        0.363275    -10.016182      0.556754       -0.047697
  365.0877    0.842603   10.713448        0.535609     -9.859851      0.853597       -0.010993
  370.0877    1.081072   10.524403        0.572096     -9.240093      1.284310       -0.203238
  375.0877    1.416376   10.070605        0.442791     -8.595697      1.474908       -0.058532
  380.0877    1.891743    9.765575        0.579351     -7.994365      1.771210        0.120533
  385.0877    2.297943    8.925825        0.339497     -7.008622      1.917203        0.380740
  390.0877    2.804784    8.613110        0.652965     -6.142179      2.470931        0.333853
  395.0877    3.079243    7.582834        0.544009     -4.690786      2.892048        0.187195
  400.0877    3.424178    6.872036        0.651041     -3.522513      3.349523        0.074655
  405.0877    3.749870    5.833874        0.429921     -2.427225      3.406649        0.343220
  410.0877    4.071213    5.021002        0.356021     -1.418870      3.602131        0.469082
  415.0877    4.235681    4.353899        0.615172     -0.271854      4.082045        0.153636
  420.0877    4.298433    3.378740        0.486584      0.690952      4.069692        0.228741
  425.0877    3.910757    2.476989        0.198497      1.213775      3.690764        0.219992
  430.0877    3.798951    1.913987        0.170776      1.830971      3.744959        0.053993
  435.0877    3.551431    1.510774        0.456488      2.287132      3.797906       -0.246475
  440.0877    3.500676    0.835447        0.000000      2.633616      3.469063        0.031613
  445.0877    3.185429    0.687976        0.353215      2.747825      3.435801       -0.250372
  450.0877    3.184382    0.311946        0.029087      2.822655      3.134601        0.049781
  455.0877    2.594666    0.000000        0.011185      2.332575      2.332575        0.262091

Local initializer RMSE: 0.235047
MAE:                   0.193787
MaxAbsError:           0.641253

============================================================================================
                                  Parmfit Torsion Scan Fit                                  
============================================================================================
Center bond: (24, 26)
Representative dihedral: (19, 24, 26, 27)
Scan xyz: /home/hungn/Desktop/MyRepo/MLP/MAPLE/maple/function/dispatcher/parmfit/example/corr2_torsionfit_24-26_scan_final.xyz
Target proper count: 2

Target proper order:
   1. atoms=(19, 24, 26, 27) types=('c3', 'c', 'oh', 'ho')
   2. atoms=(25, 24, 26, 27) types=('o', 'c', 'oh', 'ho')

Stage-1 delta initializer:
  step 1: group=(1, 2) delta_kPhi=[-1.982432, 2.235516, -4.146465]

Stage-1 fitted kPhi per proper:
   1.1: kPhi 1.800000 -> -0.182432  n=2.000  phase=180.000
   2.1: kPhi 2.300000 -> 4.535516  n=2.000  phase=180.000
   2.2: kPhi 1.900000 -> -2.246465  n=1.000  phase=0.000

Point table:
 angle_deg      QM_rel      orig_MM    MM_zeroed_rel    torsion_fit    MM_refit_rel    residual_after
  177.8561    1.184490    0.051133        0.192378      0.034521      0.085655        1.098835
  182.8561    1.219639    0.234617        0.351734      0.038955      0.273572        0.946067
  187.8561    1.396506    0.000000        0.000000      0.000000      0.000000        1.396506
  192.8561    1.852208    0.350909        0.103534     -0.064123      0.286786        1.565422
  197.8561    2.457109    1.175329        0.558541     -0.153069      1.022260        1.434849
  202.8561    1.689012    4.154940        3.296595     -0.363219      3.791721       -2.102709
  207.8561    2.502731    4.715317        3.342039     -0.520193      4.195124       -1.692393
  212.8561    3.390479    5.453198        3.510956     -0.705705      4.747493       -1.357015
  217.8561    4.459918    6.346312        3.721855     -0.887259      5.459053       -0.999134
  222.8561    5.592465    7.774040        4.402775     -1.074975      6.699065       -1.106600
  227.8561    6.779629    8.816941        4.675461     -1.273857      7.543084       -0.763455
  232.8561    7.958294   10.317421        5.338342     -1.463441      8.853980       -0.895686
  237.8561    9.107392   11.392177        5.609121     -1.666611      9.725566       -0.618175
  242.8561   10.196683   12.457424        5.922497     -1.877715     10.579709       -0.383027
  247.8561   11.173738   13.700564        6.358955     -2.082437     11.618126       -0.444388
  252.8561   11.992656   15.179235        7.036167     -2.313674     12.865561       -0.872905
  257.8561   12.671679   16.264251        7.459676     -2.583297     13.680954       -1.009275
  262.8561   13.190620   17.150134        7.851207     -2.869579     14.280556       -1.089936
  267.8561   13.540792   17.904549        8.203572     -3.215399     14.689150       -1.148359
  272.8561   13.721015   18.516034        8.578264     -3.581845     14.934189       -1.213174
  277.8561   13.741596   18.969385        8.940845     -3.989901     14.979484       -1.237888
  282.8561   13.608312   19.249033        9.280073     -4.488671     14.760362       -1.152049
  287.8561   13.289325   19.623417        9.888796     -5.109246     14.514171       -1.224846
  292.8561   12.870025   19.521036       10.141971     -5.594991     13.926045       -1.056020
  297.8561   12.346119   19.312227       10.350324     -5.937168     13.375059       -1.028940
  302.8561   11.699748   18.907444       10.518838     -6.497321     12.410123       -0.710375
  307.8561   10.983453   18.630556       10.851342     -6.950729     11.679827       -0.696374
  312.8561   10.294677   18.315792       11.082337     -7.149891     11.165901       -0.871224
  317.8561    9.627295   17.829170       11.229007     -7.491794     10.337376       -0.710081
  322.8561    9.013698   17.259177       11.234657     -7.698675      9.560502       -0.546804
  327.8561    8.473588   16.942458       11.436851     -7.820314      9.122145       -0.648557
  332.8561    8.005449   16.588389       11.560873     -7.923604      8.664785       -0.659336
  337.8561    7.603634   16.307974       11.703144     -8.009446      8.298529       -0.694894
  342.8561    7.242149   15.801563       11.585725     -8.142180      7.659383       -0.417234
  347.8561    6.947567   15.437733       11.481605     -8.166738      7.270995       -0.323428
  352.8561    6.786016   15.294794       11.522459     -8.197545      7.097249       -0.311233
  357.8561    6.734849   15.224519       11.554514     -8.234748      6.989772       -0.254922
  362.8561    6.795254   15.204581       11.544187     -8.263283      6.941298       -0.146043
  367.8561    6.956543   15.254207       11.511423     -8.284318      6.969889       -0.013346
  372.8561    7.181098   15.539335       11.617953     -8.284712      7.254623       -0.073524
  377.8561    7.520012   15.587521       11.404802     -8.277824      7.309697        0.210314
  382.8561    7.951711   15.871363       11.357711     -8.271885      7.599478        0.352233
  387.8561    8.465911   16.072890       11.147417     -8.225532      7.847358        0.618553
  392.8561    9.064669   16.373142       10.991254     -8.181481      8.191660        0.873008
  397.8561    9.717501   16.827698       10.898682     -8.021596      8.806102        0.911398
  402.8561   10.429204   17.005762       10.536648     -7.902365      9.103397        1.325807
  407.8561   11.205353   17.319429       10.308561     -7.776563      9.542866        1.662487
  412.8561   11.967905   17.914462       10.277614     -7.425609     10.488853        1.479052
  417.8561   12.753675   18.205961       10.028475     -7.174902     11.031059        1.722616
  422.8561   13.488381   18.615155        9.869685     -6.714713     11.900442        1.587939
  427.8561   14.137221   18.822881        9.583154     -6.228844     12.594037        1.543184
  432.8561   14.656143   18.950764        9.304768     -5.700512     13.250252        1.405891
  437.8561   15.032374   18.915611        8.986404     -5.207882     13.707728        1.324646
  442.8561   15.231655   18.634489        8.543183     -4.641557     13.992931        1.238724
  447.8561   15.261165   18.237865        8.127554     -4.173982     14.063883        1.197282
  452.8561   15.111770   17.693116        7.713836     -3.678466     14.014649        1.097121
  457.8561   14.739326   16.696006        7.064897     -3.138290     13.557715        1.181611
  462.8561   14.219198   15.863802        6.614511     -2.780914     13.082888        1.136309
  467.8561   13.507672   14.854427        6.236091     -2.383782     12.470645        1.037026
  472.8561   12.599212   13.286635        5.429214     -2.054825     11.231810        1.367402
  477.8561   11.565754   12.104007        5.008331     -1.778797     10.325210        1.240543
  482.8561   10.411709   10.873475        4.570152     -1.524893      9.348582        1.063127
  487.8561    9.177409    9.683389        4.213043     -1.290815      8.392574        0.784835
  492.8561    7.859579    7.976031        3.472459     -1.107421      6.868611        0.990969
  497.8561    6.567735    6.777547        3.080739     -0.905819      5.871729        0.696006
  502.8561    5.317894    5.613713        2.701307     -0.722414      4.891299        0.426595
  507.8561    4.131908    4.587125        2.387893     -0.548853      4.038272        0.093636
  512.8561    3.040896    3.620660        2.074148     -0.397008      3.223652       -0.182756
  517.8561    2.100327    2.819498        1.802734     -0.250828      2.568670       -0.468343
  522.8561    1.333501    2.168305        1.609289     -0.138110      2.030195       -0.696694
  527.8561    0.734837    1.668442        1.456485     -0.050280      1.618162       -0.883325
  532.8561    0.259255    1.177143        1.183477      0.015006      1.192149       -0.932894
  537.8561    0.000000    0.987426        1.117910      0.039167      1.026592       -1.026592

Local initializer RMSE: 1.029146
MAE:                   0.927040
MaxAbsError:           2.102709
============================================================================================

============================================================================================
                                    Torsion Refit Cycles                                    
============================================================================================
requested rounds: 10
max iter / block: 30
acceptance tol:   0.0001 kcal/mol
completed cycles: 10

cycle 1: accepted=4 rejected=0  objective 25.576773 -> 4.797213  global RMSE 4.628575 -> 1.119398
  center bond (15, 18): objective 25.576773 -> 25.404839  global RMSE 4.628575 -> 4.610554  (accepted, iterations=3)
     1.1: kPhi 3.633989 -> 3.609571  n=2.000  phase=180.000
     2.1: kPhi -0.883744 -> -0.725185  n=1.000  phase=0.000
     3.1: kPhi -0.153338 -> -0.206187  n=1.000  phase=0.000
     4.1: kPhi -2.566113 -> -2.348131  n=2.000  phase=180.000
     5.1: kPhi -0.928699 -> -0.931172  n=1.000  phase=0.000
     6.1: kPhi 0.092738 -> 0.244153  n=1.000  phase=0.000
  center bond (18, 19): objective 25.404839 -> 6.274801  global RMSE 4.610554 -> 1.649336  (accepted, iterations=9)
     1.1: kPhi -3.045489 -> -2.053030  n=3.000  phase=0.000
     2.1: kPhi -15.230209 -> -14.141377  n=3.000  phase=0.000
     3.1: kPhi -5.978391 -> -0.512840  n=1.000  phase=0.000
     4.1: kPhi 0.279504 -> 1.463012  n=3.000  phase=0.000
     5.1: kPhi 15.844501 -> 16.100584  n=3.000  phase=0.000
     6.1: kPhi -14.442658 -> -14.577713  n=3.000  phase=0.000
     7.1: kPhi -2.557300 -> -2.649399  n=3.000  phase=0.000
     8.1: kPhi 0.082203 -> -0.348667  n=3.000  phase=0.000
     9.1: kPhi 19.224461 -> 16.437286  n=3.000  phase=0.000
  center bond (19, 24): objective 6.274801 -> 5.083951  global RMSE 1.649336 -> 1.239496  (accepted, iterations=17)
     1.1: kPhi 0.272520 -> 0.063004  n=2.000  phase=180.000
     1.2: kPhi -0.042716 -> 0.202258  n=3.000  phase=180.000
     1.3: kPhi 0.273878 -> 0.264770  n=1.000  phase=0.000
     2.1: kPhi 0.784915 -> 0.833802  n=2.000  phase=180.000
     3.1: kPhi 0.499296 -> 0.284862  n=1.000  phase=0.000
     3.2: kPhi 0.872049 -> 1.439993  n=2.000  phase=180.000
     4.1: kPhi -1.983170 -> -1.630855  n=2.000  phase=180.000
     5.1: kPhi 0.509473 -> 0.713062  n=1.000  phase=0.000
     5.2: kPhi -0.943721 -> -1.105552  n=2.000  phase=180.000
     6.1: kPhi 1.360760 -> 1.166505  n=2.000  phase=180.000
  center bond (24, 26): objective 5.083951 -> 4.797213  global RMSE 1.239496 -> 1.119398  (accepted, iterations=15)
     1.1: kPhi -0.182432 -> 0.348945  n=2.000  phase=180.000
     2.1: kPhi 4.535516 -> 4.731329  n=2.000  phase=180.000
     2.2: kPhi -2.246465 -> -1.989043  n=1.000  phase=0.000
  per-scan RMSE:
    (15, 18): 1.556977 -> 1.285584
    (18, 19): 8.893020 -> 1.603275
    (19, 24): 1.485709 -> 0.630208
    (24, 26): 1.406238 -> 0.625965

cycle 2: accepted=4 rejected=0  objective 4.797213 -> 4.299477  global RMSE 1.119398 -> 0.957175
  center bond (15, 18): objective 4.797213 -> 4.556835  global RMSE 1.119398 -> 1.009360  (accepted, iterations=7)
     1.1: kPhi 3.609571 -> 3.130631  n=2.000  phase=180.000
     2.1: kPhi -0.725185 -> -0.766329  n=1.000  phase=0.000
     3.1: kPhi -0.206187 -> -0.121054  n=1.000  phase=0.000
     4.1: kPhi -2.348131 -> -2.612297  n=2.000  phase=180.000
     5.1: kPhi -0.931172 -> -0.848864  n=1.000  phase=0.000
     6.1: kPhi 0.244153 -> 0.129327  n=1.000  phase=0.000
  center bond (18, 19): objective 4.556835 -> 4.316165  global RMSE 1.009360 -> 0.965396  (accepted, iterations=11)
     1.1: kPhi -2.053030 -> -1.909517  n=3.000  phase=0.000
     2.1: kPhi -14.141377 -> -13.883218  n=3.000  phase=0.000
     3.1: kPhi -0.512840 -> -0.442604  n=1.000  phase=0.000
     4.1: kPhi 1.463012 -> 1.556738  n=3.000  phase=0.000
     5.1: kPhi 16.100584 -> 15.783998  n=3.000  phase=0.000
     6.1: kPhi -14.577713 -> -14.383917  n=3.000  phase=0.000
     7.1: kPhi -2.649399 -> -2.675961  n=3.000  phase=0.000
     8.1: kPhi -0.348667 -> -0.530220  n=3.000  phase=0.000
     9.1: kPhi 16.437286 -> 15.814632  n=3.000  phase=0.000
  center bond (19, 24): objective 4.316165 -> 4.300099  global RMSE 0.965396 -> 0.957447  (accepted, iterations=5)
     1.1: kPhi 0.063004 -> 0.148163  n=2.000  phase=180.000
     1.2: kPhi 0.202258 -> 0.178609  n=3.000  phase=180.000
     1.3: kPhi 0.264770 -> 0.197401  n=1.000  phase=0.000
     2.1: kPhi 0.833802 -> 0.891896  n=2.000  phase=180.000
     3.1: kPhi 0.284862 -> 0.282526  n=1.000  phase=0.000
     3.2: kPhi 1.439993 -> 1.481928  n=2.000  phase=180.000
     4.1: kPhi -1.630855 -> -1.564857  n=2.000  phase=180.000
     5.1: kPhi 0.713062 -> 0.783763  n=1.000  phase=0.000
     5.2: kPhi -1.105552 -> -1.164192  n=2.000  phase=180.000
     6.1: kPhi 1.166505 -> 1.093331  n=2.000  phase=180.000
  center bond (24, 26): objective 4.300099 -> 4.299477  global RMSE 0.957447 -> 0.957175  (accepted, iterations=2)
     1.1: kPhi 0.348945 -> 0.363261  n=2.000  phase=180.000
     2.1: kPhi 4.731329 -> 4.706033  n=2.000  phase=180.000
     2.2: kPhi -1.989043 -> -1.992660  n=1.000  phase=0.000
  per-scan RMSE:
    (15, 18): 1.285584 -> 0.769975
    (18, 19): 1.603275 -> 1.503532
    (19, 24): 0.630208 -> 0.650408
    (24, 26): 0.625965 -> 0.623083

cycle 3: accepted=4 rejected=0  objective 4.299477 -> 4.249176  global RMSE 0.957175 -> 0.948385
  center bond (15, 18): objective 4.299477 -> 4.280124  global RMSE 0.957175 -> 0.950649  (accepted, iterations=6)
     1.1: kPhi 3.130631 -> 2.898565  n=2.000  phase=180.000
     2.1: kPhi -0.766329 -> -0.730400  n=1.000  phase=0.000
     3.1: kPhi -0.121054 -> -0.099251  n=1.000  phase=0.000
     4.1: kPhi -2.612297 -> -2.532283  n=2.000  phase=180.000
     5.1: kPhi -0.848864 -> -0.763879  n=1.000  phase=0.000
     6.1: kPhi 0.129327 -> 0.132622  n=1.000  phase=0.000
  center bond (18, 19): objective 4.280124 -> 4.270522  global RMSE 0.950649 -> 0.960128  (accepted, iterations=1)
     1.1: kPhi -1.909517 -> -1.843383  n=3.000  phase=0.000
     2.1: kPhi -13.883218 -> -13.794260  n=3.000  phase=0.000
     3.1: kPhi -0.442604 -> -0.346945  n=1.000  phase=0.000
     4.1: kPhi 1.556738 -> 1.612640  n=3.000  phase=0.000
     5.1: kPhi 15.783998 -> 15.767578  n=3.000  phase=0.000
     6.1: kPhi -14.383917 -> -14.297474  n=3.000  phase=0.000
     7.1: kPhi -2.675961 -> -2.635321  n=3.000  phase=0.000
     8.1: kPhi -0.530220 -> -0.515128  n=3.000  phase=0.000
     9.1: kPhi 15.814632 -> 15.761293  n=3.000  phase=0.000
  center bond (19, 24): objective 4.270522 -> 4.249676  global RMSE 0.960128 -> 0.948602  (accepted, iterations=10)
     1.1: kPhi 0.148163 -> 0.208515  n=2.000  phase=180.000
     1.2: kPhi 0.178609 -> 0.252464  n=3.000  phase=180.000
     1.3: kPhi 0.197401 -> 0.175148  n=1.000  phase=0.000
     2.1: kPhi 0.891896 -> 0.917323  n=2.000  phase=180.000
     3.1: kPhi 0.282526 -> 0.331248  n=1.000  phase=0.000
     3.2: kPhi 1.481928 -> 1.438725  n=2.000  phase=180.000
     4.1: kPhi -1.564857 -> -1.610768  n=2.000  phase=180.000
     5.1: kPhi 0.783763 -> 0.758208  n=1.000  phase=0.000
     5.2: kPhi -1.164192 -> -1.106373  n=2.000  phase=180.000
     6.1: kPhi 1.093331 -> 1.174592  n=2.000  phase=180.000
  center bond (24, 26): objective 4.249676 -> 4.249176  global RMSE 0.948602 -> 0.948385  (accepted, iterations=2)
     1.1: kPhi 0.363261 -> 0.384744  n=2.000  phase=180.000
     2.1: kPhi 4.706033 -> 4.684457  n=2.000  phase=180.000
     2.2: kPhi -1.992660 -> -1.998964  n=1.000  phase=0.000
  per-scan RMSE:
    (15, 18): 0.769975 -> 0.703591
    (18, 19): 1.503532 -> 1.547568
    (19, 24): 0.650408 -> 0.579100
    (24, 26): 0.623083 -> 0.610227

cycle 4: accepted=4 rejected=0  objective 4.249176 -> 4.106751  global RMSE 0.948385 -> 0.922341
  center bond (15, 18): objective 4.249176 -> 4.246491  global RMSE 0.948385 -> 0.947332  (accepted, iterations=2)
     1.1: kPhi 2.898565 -> 2.888528  n=2.000  phase=180.000
     2.1: kPhi -0.730400 -> -0.740106  n=1.000  phase=0.000
     3.1: kPhi -0.099251 -> -0.143524  n=1.000  phase=0.000
     4.1: kPhi -2.532283 -> -2.504054  n=2.000  phase=180.000
     5.1: kPhi -0.763879 -> -0.749686  n=1.000  phase=0.000
     6.1: kPhi 0.132622 -> 0.174565  n=1.000  phase=0.000
  center bond (18, 19): objective 4.246491 -> 4.116579  global RMSE 0.947332 -> 0.926941  (accepted, iterations=7)
     1.1: kPhi -1.843383 -> -1.766204  n=3.000  phase=0.000
     2.1: kPhi -13.794260 -> -13.636967  n=3.000  phase=0.000
     3.1: kPhi -0.346945 -> -0.359686  n=1.000  phase=0.000
     4.1: kPhi 1.612640 -> 1.651872  n=3.000  phase=0.000
     5.1: kPhi 15.767578 -> 15.558533  n=3.000  phase=0.000
     6.1: kPhi -14.297474 -> -14.181058  n=3.000  phase=0.000
     7.1: kPhi -2.635321 -> -2.652636  n=3.000  phase=0.000
     8.1: kPhi -0.515128 -> -0.621073  n=3.000  phase=0.000
     9.1: kPhi 15.761293 -> 15.386809  n=3.000  phase=0.000
  center bond (19, 24): objective 4.116579 -> 4.107202  global RMSE 0.926941 -> 0.922516  (accepted, iterations=5)
     1.1: kPhi 0.208515 -> 0.225382  n=2.000  phase=180.000
     1.2: kPhi 0.252464 -> 0.204261  n=3.000  phase=180.000
     1.3: kPhi 0.175148 -> 0.184585  n=1.000  phase=0.000
     2.1: kPhi 0.917323 -> 0.920873  n=2.000  phase=180.000
     3.1: kPhi 0.331248 -> 0.317306  n=1.000  phase=0.000
     3.2: kPhi 1.438725 -> 1.495128  n=2.000  phase=180.000
     4.1: kPhi -1.610768 -> -1.533524  n=2.000  phase=180.000
     5.1: kPhi 0.758208 -> 0.759944  n=1.000  phase=0.000
     5.2: kPhi -1.106373 -> -1.138403  n=2.000  phase=180.000
     6.1: kPhi 1.174592 -> 1.122629  n=2.000  phase=180.000
  center bond (24, 26): objective 4.107202 -> 4.106751  global RMSE 0.922516 -> 0.922341  (accepted, iterations=2)
     1.1: kPhi 0.384744 -> 0.401105  n=2.000  phase=180.000
     2.1: kPhi 4.684457 -> 4.660707  n=2.000  phase=180.000
     2.2: kPhi -1.998964 -> -1.998710  n=1.000  phase=0.000
  per-scan RMSE:
    (15, 18): 0.703591 -> 0.728835
    (18, 19): 1.547568 -> 1.448679
    (19, 24): 0.579100 -> 0.626213
    (24, 26): 0.610227 -> 0.617121

cycle 5: accepted=4 rejected=0  objective 4.106751 -> 4.046808  global RMSE 0.922341 -> 0.927614
  center bond (15, 18): objective 4.106751 -> 4.077522  global RMSE 0.922341 -> 0.916552  (accepted, iterations=22)
     1.1: kPhi 2.888528 -> 2.366570  n=2.000  phase=180.000
     2.1: kPhi -0.740106 -> -0.553749  n=1.000  phase=0.000
     3.1: kPhi -0.143524 -> -0.074045  n=1.000  phase=0.000
     4.1: kPhi -2.504054 -> -2.060513  n=2.000  phase=180.000
     5.1: kPhi -0.749686 -> -0.581892  n=1.000  phase=0.000
     6.1: kPhi 0.174565 -> 0.191617  n=1.000  phase=0.000
  center bond (18, 19): objective 4.077522 -> 4.070918  global RMSE 0.916552 -> 0.941004  (accepted, iterations=1)
     1.1: kPhi -1.766204 -> -1.666773  n=3.000  phase=0.000
     2.1: kPhi -13.636967 -> -13.489827  n=3.000  phase=0.000
     3.1: kPhi -0.359686 -> -0.208465  n=1.000  phase=0.000
     4.1: kPhi 1.651872 -> 1.730070  n=3.000  phase=0.000
     5.1: kPhi 15.558533 -> 15.497425  n=3.000  phase=0.000
     6.1: kPhi -14.181058 -> -14.036878  n=3.000  phase=0.000
     7.1: kPhi -2.652636 -> -2.597760  n=3.000  phase=0.000
     8.1: kPhi -0.621073 -> -0.614042  n=3.000  phase=0.000
     9.1: kPhi 15.386809 -> 15.262829  n=3.000  phase=0.000
  center bond (19, 24): objective 4.070918 -> 4.047041  global RMSE 0.941004 -> 0.927713  (accepted, iterations=12)
     1.1: kPhi 0.225382 -> 0.284418  n=2.000  phase=180.000
     1.2: kPhi 0.204261 -> 0.265882  n=3.000  phase=180.000
     1.3: kPhi 0.184585 -> 0.189569  n=1.000  phase=0.000
     2.1: kPhi 0.920873 -> 0.946260  n=2.000  phase=180.000
     3.1: kPhi 0.317306 -> 0.369692  n=1.000  phase=0.000
     3.2: kPhi 1.495128 -> 1.457531  n=2.000  phase=180.000
     4.1: kPhi -1.533524 -> -1.568919  n=2.000  phase=180.000
     5.1: kPhi 0.759944 -> 0.703502  n=1.000  phase=0.000
     5.2: kPhi -1.138403 -> -1.081811  n=2.000  phase=180.000
     6.1: kPhi 1.122629 -> 1.193642  n=2.000  phase=180.000
  center bond (24, 26): objective 4.047041 -> 4.046808  global RMSE 0.927713 -> 0.927614  (accepted, iterations=1)
     1.1: kPhi 0.401105 -> 0.412059  n=2.000  phase=180.000
     2.1: kPhi 4.660707 -> 4.650243  n=2.000  phase=180.000
     2.2: kPhi -1.998710 -> -2.001010  n=1.000  phase=0.000
  per-scan RMSE:
    (15, 18): 0.728835 -> 0.665090
    (18, 19): 1.448679 -> 1.525776
    (19, 24): 0.626213 -> 0.549962
    (24, 26): 0.617121 -> 0.607514

cycle 6: accepted=4 rejected=0  objective 4.046808 -> 3.928344  global RMSE 0.927614 -> 0.898336
  center bond (15, 18): objective 4.046808 -> 4.044622  global RMSE 0.927614 -> 0.926921  (accepted, iterations=3)
     1.1: kPhi 2.366570 -> 2.346992  n=2.000  phase=180.000
     2.1: kPhi -0.553749 -> -0.566976  n=1.000  phase=0.000
     3.1: kPhi -0.074045 -> -0.108557  n=1.000  phase=0.000
     4.1: kPhi -2.060513 -> -2.020074  n=2.000  phase=180.000
     5.1: kPhi -0.581892 -> -0.566626  n=1.000  phase=0.000
     6.1: kPhi 0.191617 -> 0.219575  n=1.000  phase=0.000
  center bond (18, 19): objective 4.044622 -> 3.941598  global RMSE 0.926921 -> 0.904930  (accepted, iterations=2)
     1.1: kPhi -1.666773 -> -1.614208  n=3.000  phase=0.000
     2.1: kPhi -13.489827 -> -13.385420  n=3.000  phase=0.000
     3.1: kPhi -0.208465 -> -0.403897  n=1.000  phase=0.000
     4.1: kPhi 1.730070 -> 1.759601  n=3.000  phase=0.000
     5.1: kPhi 15.497425 -> 15.349058  n=3.000  phase=0.000
     6.1: kPhi -14.036878 -> -13.987099  n=3.000  phase=0.000
     7.1: kPhi -2.597760 -> -2.623578  n=3.000  phase=0.000
     8.1: kPhi -0.614042 -> -0.708618  n=3.000  phase=0.000
     9.1: kPhi 15.262829 -> 14.947996  n=3.000  phase=0.000
  center bond (19, 24): objective 3.941598 -> 3.928557  global RMSE 0.904930 -> 0.898434  (accepted, iterations=7)
     1.1: kPhi 0.284418 -> 0.284167  n=2.000  phase=180.000
     1.2: kPhi 0.265882 -> 0.212817  n=3.000  phase=180.000
     1.3: kPhi 0.189569 -> 0.196029  n=1.000  phase=0.000
     2.1: kPhi 0.946260 -> 0.928140  n=2.000  phase=180.000
     3.1: kPhi 0.369692 -> 0.325699  n=1.000  phase=0.000
     3.2: kPhi 1.457531 -> 1.514080  n=2.000  phase=180.000
     4.1: kPhi -1.568919 -> -1.483590  n=2.000  phase=180.000
     5.1: kPhi 0.703502 -> 0.738121  n=1.000  phase=0.000
     5.2: kPhi -1.081811 -> -1.090737  n=2.000  phase=180.000
     6.1: kPhi 1.193642 -> 1.157319  n=2.000  phase=180.000
  center bond (24, 26): objective 3.928557 -> 3.928344  global RMSE 0.898434 -> 0.898336  (accepted, iterations=1)
     1.1: kPhi 0.412059 -> 0.416025  n=2.000  phase=180.000
     2.1: kPhi 4.650243 -> 4.634431  n=2.000  phase=180.000
     2.2: kPhi -2.001010 -> -2.004107  n=1.000  phase=0.000
  per-scan RMSE:
    (15, 18): 0.665090 -> 0.678741
    (18, 19): 1.525776 -> 1.411214
    (19, 24): 0.549962 -> 0.628195
    (24, 26): 0.607514 -> 0.617401

cycle 7: accepted=4 rejected=0  objective 3.928344 -> 3.860277  global RMSE 0.898336 -> 0.889124
  center bond (15, 18): objective 3.928344 -> 3.923179  global RMSE 0.898336 -> 0.896882  (accepted, iterations=4)
     1.1: kPhi 2.346992 -> 2.264083  n=2.000  phase=180.000
     2.1: kPhi -0.566976 -> -0.525439  n=1.000  phase=0.000
     3.1: kPhi -0.108557 -> -0.065733  n=1.000  phase=0.000
     4.1: kPhi -2.020074 -> -1.954521  n=2.000  phase=180.000
     5.1: kPhi -0.566626 -> -0.551687  n=1.000  phase=0.000
     6.1: kPhi 0.219575 -> 0.192090  n=1.000  phase=0.000
  center bond (18, 19): objective 3.923179 -> 3.886033  global RMSE 0.896882 -> 0.903897  (accepted, iterations=1)
     1.1: kPhi -1.614208 -> -1.530190  n=3.000  phase=0.000
     2.1: kPhi -13.385420 -> -13.253032  n=3.000  phase=0.000
     3.1: kPhi -0.403897 -> -0.243672  n=1.000  phase=0.000
     4.1: kPhi 1.759601 -> 1.821581  n=3.000  phase=0.000
     5.1: kPhi 15.349058 -> 15.275368  n=3.000  phase=0.000
     6.1: kPhi -13.987099 -> -13.856231  n=3.000  phase=0.000
     7.1: kPhi -2.623578 -> -2.579585  n=3.000  phase=0.000
     8.1: kPhi -0.708618 -> -0.710339  n=3.000  phase=0.000
     9.1: kPhi 14.947996 -> 14.820352  n=3.000  phase=0.000
  center bond (19, 24): objective 3.886033 -> 3.860512  global RMSE 0.903897 -> 0.889194  (accepted, iterations=8)
     1.1: kPhi 0.284167 -> 0.331514  n=2.000  phase=180.000
     1.2: kPhi 0.212817 -> 0.232376  n=3.000  phase=180.000
     1.3: kPhi 0.196029 -> 0.202234  n=1.000  phase=0.000
     2.1: kPhi 0.928140 -> 0.958905  n=2.000  phase=180.000
     3.1: kPhi 0.325699 -> 0.378912  n=1.000  phase=0.000
     3.2: kPhi 1.514080 -> 1.474370  n=2.000  phase=180.000
     4.1: kPhi -1.483590 -> -1.518551  n=2.000  phase=180.000
     5.1: kPhi 0.738121 -> 0.680593  n=1.000  phase=0.000
     5.2: kPhi -1.090737 -> -1.052226  n=2.000  phase=180.000
     6.1: kPhi 1.157319 -> 1.196340  n=2.000  phase=180.000
  center bond (24, 26): objective 3.860512 -> 3.860277  global RMSE 0.889194 -> 0.889124  (accepted, iterations=1)
     1.1: kPhi 0.416025 -> 0.433458  n=2.000  phase=180.000
     2.1: kPhi 4.634431 -> 4.630238  n=2.000  phase=180.000
     2.2: kPhi -2.004107 -> -1.998344  n=1.000  phase=0.000
  per-scan RMSE:
    (15, 18): 0.678741 -> 0.664312
    (18, 19): 1.411214 -> 1.437412
    (19, 24): 0.628195 -> 0.531515
    (24, 26): 0.617401 -> 0.610080

cycle 8: accepted=4 rejected=0  objective 3.860277 -> 3.793460  global RMSE 0.889124 -> 0.872583
  center bond (15, 18): objective 3.860277 -> 3.859419  global RMSE 0.889124 -> 0.889025  (accepted, iterations=2)
     1.1: kPhi 2.264083 -> 2.225345  n=2.000  phase=180.000
     2.1: kPhi -0.525439 -> -0.525600  n=1.000  phase=0.000
     3.1: kPhi -0.065733 -> -0.089979  n=1.000  phase=0.000
     4.1: kPhi -1.954521 -> -1.944702  n=2.000  phase=180.000
     5.1: kPhi -0.551687 -> -0.548175  n=1.000  phase=0.000
     6.1: kPhi 0.192090 -> 0.211007  n=1.000  phase=0.000
  center bond (18, 19): objective 3.859419 -> 3.805917  global RMSE 0.889025 -> 0.878864  (accepted, iterations=3)
     1.1: kPhi -1.530190 -> -1.529522  n=3.000  phase=0.000
     2.1: kPhi -13.253032 -> -13.217116  n=3.000  phase=0.000
     3.1: kPhi -0.243672 -> -0.255587  n=1.000  phase=0.000
     4.1: kPhi 1.821581 -> 1.806479  n=3.000  phase=0.000
     5.1: kPhi 15.275368 -> 15.159755  n=3.000  phase=0.000
     6.1: kPhi -13.856231 -> -13.835894  n=3.000  phase=0.000
     7.1: kPhi -2.579585 -> -2.613372  n=3.000  phase=0.000
     8.1: kPhi -0.710339 -> -0.779261  n=3.000  phase=0.000
     9.1: kPhi 14.820352 -> 14.641855  n=3.000  phase=0.000
  center bond (19, 24): objective 3.805917 -> 3.793915  global RMSE 0.878864 -> 0.872771  (accepted, iterations=7)
     1.1: kPhi 0.331514 -> 0.338197  n=2.000  phase=180.000
     1.2: kPhi 0.232376 -> 0.189101  n=3.000  phase=180.000
     1.3: kPhi 0.202234 -> 0.202149  n=1.000  phase=0.000
     2.1: kPhi 0.958905 -> 0.948740  n=2.000  phase=180.000
     3.1: kPhi 0.378912 -> 0.363340  n=1.000  phase=0.000
     3.2: kPhi 1.474370 -> 1.535298  n=2.000  phase=180.000
     4.1: kPhi -1.518551 -> -1.431165  n=2.000  phase=180.000
     5.1: kPhi 0.680593 -> 0.694881  n=1.000  phase=0.000
     5.2: kPhi -1.052226 -> -1.075165  n=2.000  phase=180.000
     6.1: kPhi 1.196340 -> 1.147431  n=2.000  phase=180.000
  center bond (24, 26): objective 3.793915 -> 3.793460  global RMSE 0.872771 -> 0.872583  (accepted, iterations=2)
     1.1: kPhi 0.433458 -> 0.449112  n=2.000  phase=180.000
     2.1: kPhi 4.630238 -> 4.606172  n=2.000  phase=180.000
     2.2: kPhi -1.998344 -> -1.997609  n=1.000  phase=0.000
  per-scan RMSE:
    (15, 18): 0.664312 -> 0.680639
    (18, 19): 1.437412 -> 1.359142
    (19, 24): 0.531515 -> 0.593883
    (24, 26): 0.610080 -> 0.618365

cycle 9: accepted=4 rejected=0  objective 3.793460 -> 3.762014  global RMSE 0.872583 -> 0.868110
  center bond (15, 18): objective 3.793460 -> 3.793337  global RMSE 0.872583 -> 0.872599  (accepted, iterations=1)
     1.1: kPhi 2.225345 -> 2.212412  n=2.000  phase=180.000
     2.1: kPhi -0.525600 -> -0.520807  n=1.000  phase=0.000
     3.1: kPhi -0.089979 -> -0.083161  n=1.000  phase=0.000
     4.1: kPhi -1.944702 -> -1.948446  n=2.000  phase=180.000
     5.1: kPhi -0.548175 -> -0.549563  n=1.000  phase=0.000
     6.1: kPhi 0.211007 -> 0.204614  n=1.000  phase=0.000
  center bond (18, 19): objective 3.793337 -> 3.775746  global RMSE 0.872599 -> 0.876338  (accepted, iterations=1)
     1.1: kPhi -1.529522 -> -1.476365  n=3.000  phase=0.000
     2.1: kPhi -13.217116 -> -13.139701  n=3.000  phase=0.000
     3.1: kPhi -0.255587 -> -0.197781  n=1.000  phase=0.000
     4.1: kPhi 1.806479 -> 1.845159  n=3.000  phase=0.000
     5.1: kPhi 15.159755 -> 15.132057  n=3.000  phase=0.000
     6.1: kPhi -13.835894 -> -13.761459  n=3.000  phase=0.000
     7.1: kPhi -2.613372 -> -2.579091  n=3.000  phase=0.000
     8.1: kPhi -0.779261 -> -0.767346  n=3.000  phase=0.000
     9.1: kPhi 14.641855 -> 14.593133  n=3.000  phase=0.000
  center bond (19, 24): objective 3.775746 -> 3.762451  global RMSE 0.876338 -> 0.868298  (accepted, iterations=8)
     1.1: kPhi 0.338197 -> 0.368965  n=2.000  phase=180.000
     1.2: kPhi 0.189101 -> 0.220232  n=3.000  phase=180.000
     1.3: kPhi 0.202149 -> 0.199732  n=1.000  phase=0.000
     2.1: kPhi 0.948740 -> 0.961146  n=2.000  phase=180.000
     3.1: kPhi 0.363340 -> 0.404108  n=1.000  phase=0.000
     3.2: kPhi 1.535298 -> 1.504354  n=2.000  phase=180.000
     4.1: kPhi -1.431165 -> -1.461278  n=2.000  phase=180.000
     5.1: kPhi 0.694881 -> 0.657860  n=1.000  phase=0.000
     5.2: kPhi -1.075165 -> -1.027726  n=2.000  phase=180.000
     6.1: kPhi 1.147431 -> 1.200137  n=2.000  phase=180.000
  center bond (24, 26): objective 3.762451 -> 3.762014  global RMSE 0.868298 -> 0.868110  (accepted, iterations=2)
     1.1: kPhi 0.449112 -> 0.469067  n=2.000  phase=180.000
     2.1: kPhi 4.606172 -> 4.584593  n=2.000  phase=180.000
     2.2: kPhi -1.997609 -> -1.999699  n=1.000  phase=0.000
  per-scan RMSE:
    (15, 18): 0.680639 -> 0.662775
    (18, 19): 1.359142 -> 1.384705
    (19, 24): 0.593883 -> 0.532517
    (24, 26): 0.618365 -> 0.611722

cycle 10: accepted=4 rejected=0  objective 3.762014 -> 3.748231  global RMSE 0.868110 -> 0.867357
  center bond (15, 18): objective 3.762014 -> 3.761711  global RMSE 0.868110 -> 0.868156  (accepted, iterations=1)
     1.1: kPhi 2.212412 -> 2.215868  n=2.000  phase=180.000
     2.1: kPhi -0.520807 -> -0.540977  n=1.000  phase=0.000
     3.1: kPhi -0.083161 -> -0.093314  n=1.000  phase=0.000
     4.1: kPhi -1.948446 -> -1.919827  n=2.000  phase=180.000
     5.1: kPhi -0.549563 -> -0.528186  n=1.000  phase=0.000
     6.1: kPhi 0.204614 -> 0.211831  n=1.000  phase=0.000
  center bond (18, 19): objective 3.761711 -> 3.754266  global RMSE 0.868156 -> 0.870291  (accepted, iterations=1)
     1.1: kPhi -1.476365 -> -1.491695  n=3.000  phase=0.000
     2.1: kPhi -13.139701 -> -13.142722  n=3.000  phase=0.000
     3.1: kPhi -0.197781 -> -0.230282  n=1.000  phase=0.000
     4.1: kPhi 1.845159 -> 1.825291  n=3.000  phase=0.000
     5.1: kPhi 15.132057 -> 15.079788  n=3.000  phase=0.000
     6.1: kPhi -13.761459 -> -13.770174  n=3.000  phase=0.000
     7.1: kPhi -2.579091 -> -2.605463  n=3.000  phase=0.000
     8.1: kPhi -0.767346 -> -0.804858  n=3.000  phase=0.000
     9.1: kPhi 14.593133 -> 14.518810  n=3.000  phase=0.000
  center bond (19, 24): objective 3.754266 -> 3.748434  global RMSE 0.870291 -> 0.867455  (accepted, iterations=3)
     1.1: kPhi 0.368965 -> 0.362013  n=2.000  phase=180.000
     1.2: kPhi 0.220232 -> 0.206892  n=3.000  phase=180.000
     1.3: kPhi 0.199732 -> 0.201544  n=1.000  phase=0.000
     2.1: kPhi 0.961146 -> 0.948849  n=2.000  phase=180.000
     3.1: kPhi 0.404108 -> 0.386875  n=1.000  phase=0.000
     3.2: kPhi 1.504354 -> 1.550575  n=2.000  phase=180.000
     4.1: kPhi -1.461278 -> -1.406023  n=2.000  phase=180.000
     5.1: kPhi 0.657860 -> 0.672504  n=1.000  phase=0.000
     5.2: kPhi -1.027726 -> -1.048613  n=2.000  phase=180.000
     6.1: kPhi 1.200137 -> 1.168488  n=2.000  phase=180.000
  center bond (24, 26): objective 3.748434 -> 3.748231  global RMSE 0.867455 -> 0.867357  (accepted, iterations=1)
     1.1: kPhi 0.469067 -> 0.473417  n=2.000  phase=180.000
     2.1: kPhi 4.584593 -> 4.569574  n=2.000  phase=180.000
     2.2: kPhi -1.999699 -> -2.003196  n=1.000  phase=0.000
  per-scan RMSE:
    (15, 18): 0.662775 -> 0.693655
    (18, 19): 1.384705 -> 1.338913
    (19, 24): 0.532517 -> 0.595153
    (24, 26): 0.611722 -> 0.617399
============================================================================================

============================================================================================================
                                    Parmfit Correction Parameter Report                                     
============================================================================================================
mol2:   /home/hungn/Desktop/MyRepo/MLP/MAPLE/maple/function/dispatcher/parmfit/example/demo2_ff.mol2
frcmod: /home/hungn/Desktop/MyRepo/MLP/MAPLE/maple/function/dispatcher/parmfit/example/demo2_ff.frcmod
Display convention: left = original assigned parameter | right = corrected system parameter


------------------------------------------------------------------------------------------------------------
                                                   BONDS                                                    
------------------------------------------------------------------------------------------------------------
(1,2)            ca-ca             k=480.897059  r=1.369059           | 	 k=480.897059  r=1.369059          
(1,6)            ca-ca             k=352.818385  r=1.418013           | 	 k=352.818385  r=1.418013          
(1,8)            ca-ha             k=392.891814  r=1.086866           | 	 k=392.891814  r=1.086866          
(2,3)            ca-ca             k=346.070989  r=1.419242           | 	 k=346.070989  r=1.419242          
(2,9)            ca-ha             k=389.261814  r=1.088202           | 	 k=389.261814  r=1.088202          
(3,4)            ca-ca             k=342.710412  r=1.416353           | 	 k=342.710412  r=1.416353          
(3,10)           ca-ca             k=332.497040  r=1.420776           | 	 k=332.497040  r=1.420776          
(4,5)            ca-ca             k=338.694166  r=1.422876           | 	 k=338.694166  r=1.422876          
(4,11)           ca-ca             k=336.774995  r=1.421648           | 	 k=336.774995  r=1.421648          
(5,6)            ca-ca             k=478.904564  r=1.370218           | 	 k=478.904564  r=1.370218          
(5,12)           ca-ha             k=389.498219  r=1.088221           | 	 k=389.498219  r=1.088221          
(6,13)           ca-ha             k=392.168818  r=1.087079           | 	 k=392.168818  r=1.087079          
(7,10)           ha-ca             k=388.177720  r=1.088522           | 	 k=388.177720  r=1.088522          
(10,15)          ca-ca             k=453.879936  r=1.374728           | 	 k=453.879936  r=1.374728          
(11,14)          ca-ca             k=473.512659  r=1.369270           | 	 k=473.512659  r=1.369270          
(11,16)          ca-ha             k=389.007883  r=1.087865           | 	 k=389.007883  r=1.087865          
(14,15)          ca-ca             k=335.453539  r=1.422223           | 	 k=335.453539  r=1.422223          
(14,17)          ca-ha             k=383.151465  r=1.089179           | 	 k=383.151465  r=1.089179          
(15,18)          ca-c3             k=249.963703  r=1.515301           | 	 k=249.963703  r=1.515301          
(18,19)          c3-c3             k=206.259132  r=1.547962           | 	 k=206.259132  r=1.547962          
(18,20)          c3-hc             k=360.660357  r=1.097031           | 	 k=360.660357  r=1.097031          
(18,21)          c3-hc             k=363.763972  r=1.095790           | 	 k=363.763972  r=1.095790          
(19,22)          c3-hc             k=368.432166  r=1.095368           | 	 k=368.432166  r=1.095368          
(19,23)          c3-hc             k=371.763530  r=1.093416           | 	 k=371.763530  r=1.093416          
(19,24)          c3-c              k=255.339307  r=1.508343           | 	 k=255.339307  r=1.508343          
(24,25)          c-o               k=897.790937  r=1.207409           | 	 k=897.790937  r=1.207409          
(24,26)          c-oh              k=345.733161  r=1.351563           | 	 k=345.733161  r=1.351563          
(26,27)          oh-ho             k=556.515429  r=0.971671           | 	 k=556.515429  r=0.971671          

------------------------------------------------------------------------------------------------------------
                                                   ANGLES                                                   
------------------------------------------------------------------------------------------------------------
(2,1,6)          ca-ca-ca                k=114.526268  theta=120.2058         | 	 k=114.526268  theta=120.2058        
(2,1,8)          ca-ca-ha                k=34.628648  theta=120.3300          | 	 k=34.628648  theta=120.3300         
(6,1,8)          ca-ca-ha                k=35.294328  theta=119.4639          | 	 k=35.294328  theta=119.4639         
(1,2,3)          ca-ca-ca                k=90.413365  theta=120.6899          | 	 k=90.413365  theta=120.6899         
(1,2,9)          ca-ca-ha                k=35.798710  theta=120.7908          | 	 k=35.798710  theta=120.7908         
(3,2,9)          ca-ca-ha                k=33.602892  theta=118.5169          | 	 k=33.602892  theta=118.5169         
(2,3,4)          ca-ca-ca                k=95.112399  theta=119.2029          | 	 k=95.112399  theta=119.2029         
(2,3,10)         ca-ca-ca                k=103.451253  theta=121.4807         | 	 k=103.451253  theta=121.4807        
(4,3,10)         ca-ca-ca                k=96.997208  theta=119.3123          | 	 k=96.997208  theta=119.3123         
(3,4,5)          ca-ca-ca                k=93.584434  theta=119.0086          | 	 k=93.584434  theta=119.0086         
(3,4,11)         ca-ca-ca                k=92.121646  theta=118.3132          | 	 k=92.121646  theta=118.3132         
(5,4,11)         ca-ca-ca                k=103.255948  theta=122.6781         | 	 k=103.255948  theta=122.6781        
(4,5,6)          ca-ca-ca                k=86.817619  theta=120.5499          | 	 k=86.817619  theta=120.5499         
(4,5,12)         ca-ca-ha                k=33.597138  theta=118.9741          | 	 k=33.597138  theta=118.9741         
(6,5,12)         ca-ca-ha                k=36.353604  theta=120.4750          | 	 k=36.353604  theta=120.4750         
(1,6,5)          ca-ca-ca                k=114.438657  theta=120.3368         | 	 k=114.438657  theta=120.3368        
(1,6,13)         ca-ca-ha                k=35.237391  theta=119.2659          | 	 k=35.237391  theta=119.2659         
(5,6,13)         ca-ca-ha                k=34.571065  theta=120.3972          | 	 k=34.571065  theta=120.3972         
(3,10,7)         ca-ca-ha                k=33.359002  theta=117.7714          | 	 k=33.359002  theta=117.7714         
(3,10,15)        ca-ca-ca                k=84.846200  theta=121.7704          | 	 k=84.846200  theta=121.7704         
(7,10,15)        ha-ca-ca                k=34.697292  theta=120.4572          | 	 k=34.697292  theta=120.4572         
(4,11,14)        ca-ca-ca                k=84.118926  theta=120.8993          | 	 k=84.118926  theta=120.8993         
(4,11,16)        ca-ca-ha                k=33.163628  theta=118.8753          | 	 k=33.163628  theta=118.8753         
(14,11,16)       ca-ca-ha                k=35.168376  theta=120.2248          | 	 k=35.168376  theta=120.2248         
(11,14,15)       ca-ca-ca                k=106.674895  theta=121.3535         | 	 k=106.674895  theta=121.3535        
(11,14,17)       ca-ca-ha                k=35.834735  theta=119.3135          | 	 k=35.834735  theta=119.3135         
(15,14,17)       ca-ca-ha                k=36.188932  theta=119.3293          | 	 k=36.188932  theta=119.3293         
(10,15,14)       ca-ca-ca                k=113.098601  theta=118.2476         | 	 k=113.098601  theta=118.2476        
(10,15,18)       ca-ca-c3                k=82.985565  theta=121.3225          | 	 k=82.985565  theta=121.3225         
(14,15,18)       ca-ca-c3                k=86.407884  theta=120.4204          | 	 k=86.407884  theta=120.4204         
(15,18,19)       ca-c3-c3                k=76.107497  theta=114.5485          | 	 k=76.107497  theta=114.5485         
(15,18,20)       ca-c3-hc                k=56.531483  theta=109.6217          | 	 k=56.531483  theta=109.6217         
(15,18,21)       ca-c3-hc                k=61.399288  theta=109.6380          | 	 k=61.399288  theta=109.6380         
(19,18,20)       c3-c3-hc                k=55.674426  theta=108.3410          | 	 k=55.674426  theta=108.3410         
(19,18,21)       c3-c3-hc                k=49.569911  theta=107.7401          | 	 k=49.569911  theta=107.7401         
(20,18,21)       hc-c3-hc                k=36.246960  theta=106.6418          | 	 k=36.246960  theta=106.6418         
(18,19,22)       c3-c3-hc                k=50.140445  theta=109.3477          | 	 k=50.140445  theta=109.3477         
(18,19,23)       c3-c3-hc                k=47.960733  theta=110.5161          | 	 k=47.960733  theta=110.5161         
(18,19,24)       c3-c3-c                 k=118.156835  theta=112.5538         | 	 k=118.156835  theta=112.5538        
(22,19,23)       hc-c3-hc                k=37.373951  theta=108.9558          | 	 k=37.373951  theta=108.9558         
(22,19,24)       hc-c3-c                 k=63.669456  theta=108.2967          | 	 k=63.669456  theta=108.2967         
(23,19,24)       hc-c3-c                 k=59.227221  theta=107.0746          | 	 k=59.227221  theta=107.0746         
(19,24,25)       c3-c-o                  k=69.302856  theta=125.9237          | 	 k=69.302856  theta=125.9237         
(19,24,26)       c3-c-oh                 k=93.478161  theta=112.0840          | 	 k=93.478161  theta=112.0840         
(25,24,26)       o-c-oh                  k=74.832768  theta=121.9851          | 	 k=74.832768  theta=121.9851         
(24,26,27)       c-oh-ho                 k=75.761120  theta=105.4206          | 	 k=75.761120  theta=105.4206         

------------------------------------------------------------------------------------------------------------
                                                 DIHEDRALS                                                  
------------------------------------------------------------------------------------------------------------
(3,2,1,6)          ca-ca-ca-ca                term=1 k=3.625000  n=2.000  phase=180.0000 |  k=3.625000  n=2.000  phase=180.0000
(6,1,2,9)          ca-ca-ca-ha                term=1 k=3.625000  n=2.000  phase=180.0000 |  k=3.625000  n=2.000  phase=180.0000
(3,2,1,8)          ca-ca-ca-ha                term=1 k=3.625000  n=2.000  phase=180.0000 |  k=3.625000  n=2.000  phase=180.0000
(8,1,2,9)          ha-ca-ca-ha                term=1 k=3.625000  n=2.000  phase=180.0000 |  k=3.625000  n=2.000  phase=180.0000
(2,1,6,5)          ca-ca-ca-ca                term=1 k=3.625000  n=2.000  phase=180.0000 |  k=3.625000  n=2.000  phase=180.0000
(2,1,6,13)         ca-ca-ca-ha                term=1 k=3.625000  n=2.000  phase=180.0000 |  k=3.625000  n=2.000  phase=180.0000
(5,6,1,8)          ca-ca-ca-ha                term=1 k=3.625000  n=2.000  phase=180.0000 |  k=3.625000  n=2.000  phase=180.0000
(8,1,6,13)         ha-ca-ca-ha                term=1 k=3.625000  n=2.000  phase=180.0000 |  k=3.625000  n=2.000  phase=180.0000
(1,2,3,4)          ca-ca-ca-ca                term=1 k=3.625000  n=2.000  phase=180.0000 |  k=3.625000  n=2.000  phase=180.0000
(1,2,3,10)         ca-ca-ca-ca                term=1 k=3.625000  n=2.000  phase=180.0000 |  k=3.625000  n=2.000  phase=180.0000
(4,3,2,9)          ca-ca-ca-ha                term=1 k=3.625000  n=2.000  phase=180.0000 |  k=3.625000  n=2.000  phase=180.0000
(9,2,3,10)         ha-ca-ca-ca                term=1 k=3.625000  n=2.000  phase=180.0000 |  k=3.625000  n=2.000  phase=180.0000
(2,3,4,5)          ca-ca-ca-ca                term=1 k=3.625000  n=2.000  phase=180.0000 |  k=3.625000  n=2.000  phase=180.0000
(2,3,4,11)         ca-ca-ca-ca                term=1 k=3.625000  n=2.000  phase=180.0000 |  k=3.625000  n=2.000  phase=180.0000
(5,4,3,10)         ca-ca-ca-ca                term=1 k=3.625000  n=2.000  phase=180.0000 |  k=3.625000  n=2.000  phase=180.0000
(10,3,4,11)        ca-ca-ca-ca                term=1 k=3.625000  n=2.000  phase=180.0000 |  k=3.625000  n=2.000  phase=180.0000
(2,3,10,7)         ca-ca-ca-ha                term=1 k=3.625000  n=2.000  phase=180.0000 |  k=3.625000  n=2.000  phase=180.0000
(2,3,10,15)        ca-ca-ca-ca                term=1 k=3.625000  n=2.000  phase=180.0000 |  k=3.625000  n=2.000  phase=180.0000
(4,3,10,7)         ca-ca-ca-ha                term=1 k=3.625000  n=2.000  phase=180.0000 |  k=3.625000  n=2.000  phase=180.0000
(4,3,10,15)        ca-ca-ca-ca                term=1 k=3.625000  n=2.000  phase=180.0000 |  k=3.625000  n=2.000  phase=180.0000
(3,4,5,6)          ca-ca-ca-ca                term=1 k=3.625000  n=2.000  phase=180.0000 |  k=3.625000  n=2.000  phase=180.0000
(3,4,5,12)         ca-ca-ca-ha                term=1 k=3.625000  n=2.000  phase=180.0000 |  k=3.625000  n=2.000  phase=180.0000
(6,5,4,11)         ca-ca-ca-ca                term=1 k=3.625000  n=2.000  phase=180.0000 |  k=3.625000  n=2.000  phase=180.0000
(11,4,5,12)        ca-ca-ca-ha                term=1 k=3.625000  n=2.000  phase=180.0000 |  k=3.625000  n=2.000  phase=180.0000
(3,4,11,14)        ca-ca-ca-ca                term=1 k=3.625000  n=2.000  phase=180.0000 |  k=3.625000  n=2.000  phase=180.0000
(3,4,11,16)        ca-ca-ca-ha                term=1 k=3.625000  n=2.000  phase=180.0000 |  k=3.625000  n=2.000  phase=180.0000
(5,4,11,14)        ca-ca-ca-ca                term=1 k=3.625000  n=2.000  phase=180.0000 |  k=3.625000  n=2.000  phase=180.0000
(5,4,11,16)        ca-ca-ca-ha                term=1 k=3.625000  n=2.000  phase=180.0000 |  k=3.625000  n=2.000  phase=180.0000
(1,6,5,4)          ca-ca-ca-ca                term=1 k=3.625000  n=2.000  phase=180.0000 |  k=3.625000  n=2.000  phase=180.0000
(4,5,6,13)         ca-ca-ca-ha                term=1 k=3.625000  n=2.000  phase=180.0000 |  k=3.625000  n=2.000  phase=180.0000
(1,6,5,12)         ca-ca-ca-ha                term=1 k=3.625000  n=2.000  phase=180.0000 |  k=3.625000  n=2.000  phase=180.0000
(12,5,6,13)        ha-ca-ca-ha                term=1 k=3.625000  n=2.000  phase=180.0000 |  k=3.625000  n=2.000  phase=180.0000
(3,10,15,14)       ca-ca-ca-ca                term=1 k=3.625000  n=2.000  phase=180.0000 |  k=3.625000  n=2.000  phase=180.0000
(3,10,15,18)       ca-ca-ca-c3                term=1 k=3.625000  n=2.000  phase=180.0000 |  k=3.625000  n=2.000  phase=180.0000
(7,10,15,14)       ha-ca-ca-ca                term=1 k=3.625000  n=2.000  phase=180.0000 |  k=3.625000  n=2.000  phase=180.0000
(7,10,15,18)       ha-ca-ca-c3                term=1 k=3.625000  n=2.000  phase=180.0000 |  k=3.625000  n=2.000  phase=180.0000
(4,11,14,15)       ca-ca-ca-ca                term=1 k=3.625000  n=2.000  phase=180.0000 |  k=3.625000  n=2.000  phase=180.0000
(4,11,14,17)       ca-ca-ca-ha                term=1 k=3.625000  n=2.000  phase=180.0000 |  k=3.625000  n=2.000  phase=180.0000
(15,14,11,16)      ca-ca-ca-ha                term=1 k=3.625000  n=2.000  phase=180.0000 |  k=3.625000  n=2.000  phase=180.0000
(16,11,14,17)      ha-ca-ca-ha                term=1 k=3.625000  n=2.000  phase=180.0000 |  k=3.625000  n=2.000  phase=180.0000
(10,15,14,11)      ca-ca-ca-ca                term=1 k=3.625000  n=2.000  phase=180.0000 |  k=3.625000  n=2.000  phase=180.0000
(11,14,15,18)      ca-ca-ca-c3                term=1 k=3.625000  n=2.000  phase=180.0000 |  k=3.625000  n=2.000  phase=180.0000
(10,15,14,17)      ca-ca-ca-ha                term=1 k=3.625000  n=2.000  phase=180.0000 |  k=3.625000  n=2.000  phase=180.0000
(17,14,15,18)      ha-ca-ca-c3                term=1 k=3.625000  n=2.000  phase=180.0000 |  k=3.625000  n=2.000  phase=180.0000
(10,15,18,19)      ca-ca-c3-c3                term=1 k=0.240000  n=2.000  phase=180.0000 |  k=2.215868  n=2.000  phase=180.0000
(10,15,18,20)      ca-ca-c3-hc                term=1 k=0.000000  n=1.000  phase=0.0000  |  k=-0.540977  n=1.000  phase=0.0000
(10,15,18,21)      ca-ca-c3-hc                term=1 k=0.000000  n=1.000  phase=0.0000  |  k=-0.093314  n=1.000  phase=0.0000
(14,15,18,19)      ca-ca-c3-c3                term=1 k=0.240000  n=2.000  phase=180.0000 |  k=-1.919827  n=2.000  phase=180.0000
(14,15,18,20)      ca-ca-c3-hc                term=1 k=0.000000  n=1.000  phase=0.0000  |  k=-0.528186  n=1.000  phase=0.0000
(14,15,18,21)      ca-ca-c3-hc                term=1 k=0.000000  n=1.000  phase=0.0000  |  k=0.211831  n=1.000  phase=0.0000 
(15,18,19,22)      ca-c3-c3-hc                term=1 k=0.155556  n=3.000  phase=0.0000  |  k=-1.491695  n=3.000  phase=0.0000
(15,18,19,23)      ca-c3-c3-hc                term=1 k=0.155556  n=3.000  phase=0.0000  |  k=-13.142722  n=3.000  phase=0.0000
(15,18,19,24)      ca-c3-c3-c                 term=1 k=0.820000  n=1.000  phase=0.0000  |  k=-0.230282  n=1.000  phase=0.0000
(20,18,19,22)      hc-c3-c3-hc                term=1 k=0.120000  n=3.000  phase=0.0000  |  k=1.825291  n=3.000  phase=0.0000 
(20,18,19,23)      hc-c3-c3-hc                term=1 k=0.120000  n=3.000  phase=0.0000  |  k=15.079788  n=3.000  phase=0.0000
(20,18,19,24)      hc-c3-c3-c                 term=1 k=0.155556  n=3.000  phase=0.0000  |  k=-13.770174  n=3.000  phase=0.0000
(21,18,19,22)      hc-c3-c3-hc                term=1 k=0.120000  n=3.000  phase=0.0000  |  k=-2.605463  n=3.000  phase=0.0000
(21,18,19,23)      hc-c3-c3-hc                term=1 k=0.120000  n=3.000  phase=0.0000  |  k=-0.804858  n=3.000  phase=0.0000
(21,18,19,24)      hc-c3-c3-c                 term=1 k=0.155556  n=3.000  phase=0.0000  |  k=14.518810  n=3.000  phase=0.0000
(18,19,24,25)      c3-c3-c-o                  term=1 k=0.200000  n=2.000  phase=180.0000 |  k=0.362013  n=2.000  phase=180.0000
(18,19,24,25)      c3-c3-c-o                  term=2 k=0.440000  n=3.000  phase=180.0000 |  k=0.206892  n=3.000  phase=180.0000
(18,19,24,25)      c3-c3-c-o                  term=3 k=0.680000  n=1.000  phase=0.0000  |  k=0.201544  n=1.000  phase=0.0000 
(18,19,24,26)      c3-c3-c-oh                 term=1 k=0.000000  n=2.000  phase=180.0000 |  k=0.948849  n=2.000  phase=180.0000
(22,19,24,25)      hc-c3-c-o                  term=1 k=4.030000  n=1.000  phase=0.0000  |  k=0.386875  n=1.000  phase=0.0000 
(22,19,24,25)      hc-c3-c-o                  term=2 k=3.660000  n=2.000  phase=180.0000 |  k=1.550575  n=2.000  phase=180.0000
(22,19,24,26)      hc-c3-c-oh                 term=1 k=0.000000  n=2.000  phase=180.0000 |  k=-1.406023  n=2.000  phase=180.0000
(23,19,24,25)      hc-c3-c-o                  term=1 k=4.030000  n=1.000  phase=0.0000  |  k=0.672504  n=1.000  phase=0.0000 
(23,19,24,25)      hc-c3-c-o                  term=2 k=3.660000  n=2.000  phase=180.0000 |  k=-1.048613  n=2.000  phase=180.0000
(23,19,24,26)      hc-c3-c-oh                 term=1 k=0.000000  n=2.000  phase=180.0000 |  k=1.168488  n=2.000  phase=180.0000
(19,24,26,27)      c3-c-oh-ho                 term=1 k=1.800000  n=2.000  phase=180.0000 |  k=0.473417  n=2.000  phase=180.0000
(25,24,26,27)      o-c-oh-ho                  term=1 k=2.300000  n=2.000  phase=180.0000 |  k=4.569574  n=2.000  phase=180.0000
(25,24,26,27)      o-c-oh-ho                  term=2 k=1.900000  n=1.000  phase=0.0000  |  k=-2.003196  n=1.000  phase=0.0000

------------------------------------------------------------------------------------------------------------
                                                 IMPROPERS                                                  
------------------------------------------------------------------------------------------------------------
(2,6,1,8)          ca-ca-ca-ha                term=1 k=1.100000  n=2.000  phase=180.0000 |  k=1.100000  n=2.000  phase=180.0000
(1,3,2,9)          ca-ca-ca-ha                term=1 k=1.100000  n=2.000  phase=180.0000 |  k=1.100000  n=2.000  phase=180.0000
(2,4,3,10)         ca-ca-ca-ca                term=1 k=1.100000  n=2.000  phase=180.0000 |  k=1.100000  n=2.000  phase=180.0000
(3,5,4,11)         ca-ca-ca-ca                term=1 k=1.100000  n=2.000  phase=180.0000 |  k=1.100000  n=2.000  phase=180.0000
(4,6,5,12)         ca-ca-ca-ha                term=1 k=1.100000  n=2.000  phase=180.0000 |  k=1.100000  n=2.000  phase=180.0000
(1,5,6,13)         ca-ca-ca-ha                term=1 k=1.100000  n=2.000  phase=180.0000 |  k=1.100000  n=2.000  phase=180.0000
(3,7,10,15)        ca-ha-ca-ca                term=1 k=1.100000  n=2.000  phase=180.0000 |  k=1.100000  n=2.000  phase=180.0000
(4,14,11,16)       ca-ca-ca-ha                term=1 k=1.100000  n=2.000  phase=180.0000 |  k=1.100000  n=2.000  phase=180.0000
(11,15,14,17)      ca-ca-ca-ha                term=1 k=1.100000  n=2.000  phase=180.0000 |  k=1.100000  n=2.000  phase=180.0000
(10,14,15,18)      ca-ca-ca-c3                term=1 k=1.100000  n=2.000  phase=180.0000 |  k=1.100000  n=2.000  phase=180.0000
(15,19,18,20)      ca-c3-c3-hc                term=1 k=NA  n=NA  phase=NA               |  k=NA  n=NA  phase=NA              
(15,19,18,21)      ca-c3-c3-hc                term=1 k=NA  n=NA  phase=NA               |  k=NA  n=NA  phase=NA              
(15,20,18,21)      ca-hc-c3-hc                term=1 k=NA  n=NA  phase=NA               |  k=NA  n=NA  phase=NA              
(19,20,18,21)      c3-hc-c3-hc                term=1 k=NA  n=NA  phase=NA               |  k=NA  n=NA  phase=NA              
(18,22,19,23)      c3-hc-c3-hc                term=1 k=NA  n=NA  phase=NA               |  k=NA  n=NA  phase=NA              
(18,22,19,24)      c3-hc-c3-c                 term=1 k=NA  n=NA  phase=NA               |  k=NA  n=NA  phase=NA              
(18,23,19,24)      c3-hc-c3-c                 term=1 k=NA  n=NA  phase=NA               |  k=NA  n=NA  phase=NA              
(22,23,19,24)      hc-hc-c3-c                 term=1 k=NA  n=NA  phase=NA               |  k=NA  n=NA  phase=NA              
(19,25,24,26)      c3-o-c-oh                  term=1 k=1.100000  n=2.000  phase=180.0000 |  k=1.100000  n=2.000  phase=180.0000

------------------------------------------------------------------------------------------------------------
                                                  NONBONDS                                                  
------------------------------------------------------------------------------------------------------------
atom=1    ca          q=-0.108000  rmin/2=1.860600  eps=0.098800 |  q=-0.108000  rmin/2=1.860600  eps=0.098800
atom=2    ca          q=-0.099000  rmin/2=1.860600  eps=0.098800 |  q=-0.099000  rmin/2=1.860600  eps=0.098800
atom=3    ca          q=-0.035000  rmin/2=1.860600  eps=0.098800 |  q=-0.035000  rmin/2=1.860600  eps=0.098800
atom=4    ca          q=-0.035000  rmin/2=1.860600  eps=0.098800 |  q=-0.035000  rmin/2=1.860600  eps=0.098800
atom=5    ca          q=-0.099000  rmin/2=1.860600  eps=0.098800 |  q=-0.099000  rmin/2=1.860600  eps=0.098800
atom=6    ca          q=-0.108000  rmin/2=1.860600  eps=0.098800 |  q=-0.108000  rmin/2=1.860600  eps=0.098800
atom=7    ha          q=0.118000  rmin/2=1.473500  eps=0.016100  |  q=0.118000  rmin/2=1.473500  eps=0.016100 
atom=8    ha          q=0.115000  rmin/2=1.473500  eps=0.016100  |  q=0.115000  rmin/2=1.473500  eps=0.016100 
atom=9    ha          q=0.115000  rmin/2=1.473500  eps=0.016100  |  q=0.115000  rmin/2=1.473500  eps=0.016100 
atom=10   ca          q=-0.089000  rmin/2=1.860600  eps=0.098800 |  q=-0.089000  rmin/2=1.860600  eps=0.098800
atom=11   ca          q=-0.094000  rmin/2=1.860600  eps=0.098800 |  q=-0.094000  rmin/2=1.860600  eps=0.098800
atom=12   ha          q=0.115000  rmin/2=1.473500  eps=0.016100  |  q=0.115000  rmin/2=1.473500  eps=0.016100 
atom=13   ha          q=0.115000  rmin/2=1.473500  eps=0.016100  |  q=0.115000  rmin/2=1.473500  eps=0.016100 
atom=14   ca          q=-0.107000  rmin/2=1.860600  eps=0.098800 |  q=-0.107000  rmin/2=1.860600  eps=0.098800
atom=15   ca          q=-0.089300  rmin/2=1.860600  eps=0.098800 |  q=-0.089300  rmin/2=1.860600  eps=0.098800
atom=16   ha          q=0.116000  rmin/2=1.473500  eps=0.016100  |  q=0.116000  rmin/2=1.473500  eps=0.016100 
atom=17   ha          q=0.112000  rmin/2=1.473500  eps=0.016100  |  q=0.112000  rmin/2=1.473500  eps=0.016100 
atom=18   c3          q=-0.033100  rmin/2=1.906900  eps=0.107800 |  q=-0.033100  rmin/2=1.906900  eps=0.107800
atom=19   c3          q=-0.121400  rmin/2=1.906900  eps=0.107800 |  q=-0.121400  rmin/2=1.906900  eps=0.107800
atom=20   hc          q=0.064700  rmin/2=1.459300  eps=0.020800  |  q=0.064700  rmin/2=1.459300  eps=0.020800 
atom=21   hc          q=0.064700  rmin/2=1.459300  eps=0.020800  |  q=0.064700  rmin/2=1.459300  eps=0.020800 
atom=22   hc          q=0.081200  rmin/2=1.459300  eps=0.020800  |  q=0.081200  rmin/2=1.459300  eps=0.020800 
atom=23   hc          q=0.081200  rmin/2=1.459300  eps=0.020800  |  q=0.081200  rmin/2=1.459300  eps=0.020800 
atom=24   c           q=0.598100  rmin/2=1.860600  eps=0.098800  |  q=0.598100  rmin/2=1.860600  eps=0.098800 
atom=25   o           q=-0.508000  rmin/2=1.710700  eps=0.146300 |  q=-0.508000  rmin/2=1.710700  eps=0.146300
atom=26   oh          q=-0.646100  rmin/2=1.820000  eps=0.093000 |  q=-0.646100  rmin/2=1.820000  eps=0.093000
atom=27   ho          q=0.478000  rmin/2=0.301900  eps=0.004700  |  q=0.478000  rmin/2=0.301900  eps=0.004700 



Program started: 2026-03-23 05:35:17

======================================================================
                      TIMING SUMMARY
======================================================================
Input Reading.......................................   0.001 s  (   0.0 %)
  Settings Parsing....................................   0.000 s  (  20.6 %)
  Coordinate Section Parsing..........................   0.000 s  (  24.8 %)
  Post-Processing Expansion...........................   0.000 s  (   0.3 %)
MLP Initialization..................................   0.129 s  (   0.0 %)
Job Dispatching..................................... 3932.512 s  ( 100.0 %)
  Parmfit optimization................................ 3932.511 s  ( 100.0 %)
    Parmfit correction.................................. 3932.491 s  ( 100.0 %)
      Scan (×4)...........................................  66.433 s  (   1.7 %)
======================================================================
Total wall time: 3932.642 s
Total CPU time: 4401.841 s
======================================================================

Program ended: 2026-03-23 06:40:49
TOTAL RUN TIME: 0 days 1 hours 5 minutes 32 seconds 642 msec
