Resp charges for organic molecule
 
 &cntrl
 
 nmol = 2,
 ihfree = 1,
 ioutopt = 1,
 qwt = 0.00050,
 
 &end
    1.0
alpha
    0  111
    6    0
    6    0
    8    0
    1    0
    1    4
    1    4
   15    0
   15    0
    6    0
    7    0
    6    0
    7    0
    8    0
    6    0
    7    0
    8    0
    6    0
    8    0
    6    0
    7    0
    8    0
    6    0
    7    0
    8    0
    6    0
    7    0
    8    0
    6    0
    7    0
    8    0
    6    0
    7    0
    8    0
    6    0
    7    0
    8    0
    6    0
    7    0
    8    0
    6    0
    7    0
    8    0
    6    0
    7    0
    8    0
    6    0
    8    0
    6    0
    8    0
    6    0
    8    0
    6    0
    8    0
    6    0
    6    0
    6    0
    6    0
    6    0
    6    0
    6    0
    6    0
    6    0
    6    0
    6    0
    6    0
    6    0
    6    0
    6    0
    6    0
    1    0
    1    0
    1    0
    1   72
    1    0
    1    0
    1    0
    1    0
    1    0
    1    0
    1   79
    1    0
    1    0
    1    0
    1    0
    1    0
    1    0
    1    0
    1    0
    1    0
    1    0
    1    0
    1   91
    1    0
    1    0
    1    0
    1    0
    1   96
    1    0
    1    0
    1    0
    1    0
    1  101
    1  101
    1    0
    1  104
    7    0
    6    0
    1    0
    1    0
    1  109
    1  109

    1.0
beta
    0  111
    6    0
    6    0
    8    0
    1    0
    1    4
    1    4
   15    0
   15    0
    6    0
    7    0
    6    0
    7    0
    8    0
    6    0
    7    0
    8    0
    6    0
    8    0
    6    0
    7    0
    8    0
    6    0
    7    0
    8    0
    6    0
    7    0
    8    0
    6    0
    7    0
    8    0
    6    0
    7    0
    8    0
    6    0
    7    0
    8    0
    6    0
    7    0
    8    0
    6    0
    7    0
    8    0
    6    0
    7    0
    8    0
    6    0
    8    0
    6    0
    8    0
    6    0
    8    0
    6    0
    8    0
    6    0
    6    0
    6    0
    6    0
    6    0
    6    0
    6    0
    6    0
    6    0
    6    0
    6    0
    6    0
    6    0
    6    0
    6    0
    6    0
    1    0
    1    0
    1    0
    1   72
    1    0
    1    0
    1    0
    1    0
    1    0
    1    0
    1   79
    1    0
    1    0
    1    0
    1    0
    1    0
    1    0
    1    0
    1    0
    1    0
    1    0
    1    0
    1   91
    1    0
    1    0
    1    0
    1    0
    1   96
    1    0
    1    0
    1    0
    1    0
    1  101
    1  101
    1    0
    1  104
    7    0
    6    0
    1    0
    1    0
    1  109
    1  109

   99   0.00000
    1    7    1    8    1    9    1   10    1   11    1   12    1   13    1   14
    1   15    1   16    1   17    1   18    1   19    1   20    1   21    1   22
    1   23    1   24    1   25    1   26    1   27    1   28    1   29    1   30
    1   31    1   32    1   33    1   34    1   35    1   36    1   37    1   38
    1   39    1   40    1   41    1   42    1   43    1   44    1   45    1   46
    1   47    1   48    1   49    1   50    1   51    1   52    1   53    1   54
    1   55    1   56    1   57    1   58    1   59    1   60    1   61    1   62
    1   63    1   64    1   65    1   66    1   67    1   68    1   69    1   70
    1   71    1   72    1   73    1   74    1   75    1   76    1   77    1   78
    1   79    1   80    1   81    1   82    1   83    1   84    1   85    1   86
    1   87    1   88    1   89    1   90    1   91    1   92    1   93    1   94
    1   95    1   96    1   97    1   98    1   99    1  100    1  101    1  102
    1  103    1  104    1  105
   99   0.00000
    2    7    2    8    2    9    2   10    2   11    2   12    2   13    2   14
    2   15    2   16    2   17    2   18    2   19    2   20    2   21    2   22
    2   23    2   24    2   25    2   26    2   27    2   28    2   29    2   30
    2   31    2   32    2   33    2   34    2   35    2   36    2   37    2   38
    2   39    2   40    2   41    2   42    2   43    2   44    2   45    2   46
    2   47    2   48    2   49    2   50    2   51    2   52    2   53    2   54
    2   55    2   56    2   57    2   58    2   59    2   60    2   61    2   62
    2   63    2   64    2   65    2   66    2   67    2   68    2   69    2   70
    2   71    2   72    2   73    2   74    2   75    2   76    2   77    2   78
    2   79    2   80    2   81    2   82    2   83    2   84    2   85    2   86
    2   87    2   88    2   89    2   90    2   91    2   92    2   93    2   94
    2   95    2   96    2   97    2   98    2   99    2  100    2  101    2  102
    2  103    2  104    2  105

    2
    1    1    2    1
    2
    1    2    2    2
    2
    1    3    2    3
    2
    1    4    2    4
    2
    1    5    2    5
    2
    1    6    2    6
    2
    1    7    2    7
    2
    1    8    2    8
    2
    1    9    2    9
    2
    1   10    2   10
    2
    1   11    2   11
    2
    1   12    2   12
    2
    1   13    2   13
    2
    1   14    2   14
    2
    1   15    2   15
    2
    1   16    2   16
    2
    1   17    2   17
    2
    1   18    2   18
    2
    1   19    2   19
    2
    1   20    2   20
    2
    1   21    2   21
    2
    1   22    2   22
    2
    1   23    2   23
    2
    1   24    2   24
    2
    1   25    2   25
    2
    1   26    2   26
    2
    1   27    2   27
    2
    1   28    2   28
    2
    1   29    2   29
    2
    1   30    2   30
    2
    1   31    2   31
    2
    1   32    2   32
    2
    1   33    2   33
    2
    1   34    2   34
    2
    1   35    2   35
    2
    1   36    2   36
    2
    1   37    2   37
    2
    1   38    2   38
    2
    1   39    2   39
    2
    1   40    2   40
    2
    1   41    2   41
    2
    1   42    2   42
    2
    1   43    2   43
    2
    1   44    2   44
    2
    1   45    2   45
    2
    1   46    2   46
    2
    1   47    2   47
    2
    1   48    2   48
    2
    1   49    2   49
    2
    1   50    2   50
    2
    1   51    2   51
    2
    1   52    2   52
    2
    1   53    2   53
    2
    1   54    2   54
    2
    1   55    2   55
    2
    1   56    2   56
    2
    1   57    2   57
    2
    1   58    2   58
    2
    1   59    2   59
    2
    1   60    2   60
    2
    1   61    2   61
    2
    1   62    2   62
    2
    1   63    2   63
    2
    1   64    2   64
    2
    1   65    2   65
    2
    1   66    2   66
    2
    1   67    2   67
    2
    1   68    2   68
    2
    1   69    2   69
    2
    1   70    2   70
    2
    1   71    2   71
    2
    1   72    2   72
    2
    1   73    2   73
    2
    1   74    2   74
    2
    1   75    2   75
    2
    1   76    2   76
    2
    1   77    2   77
    2
    1   78    2   78
    2
    1   79    2   79
    2
    1   80    2   80
    2
    1   81    2   81
    2
    1   82    2   82
    2
    1   83    2   83
    2
    1   84    2   84
    2
    1   85    2   85
    2
    1   86    2   86
    2
    1   87    2   87
    2
    1   88    2   88
    2
    1   89    2   89
    2
    1   90    2   90
    2
    1   91    2   91
    2
    1   92    2   92
    2
    1   93    2   93
    2
    1   94    2   94
    2
    1   95    2   95
    2
    1   96    2   96
    2
    1   97    2   97
    2
    1   98    2   98
    2
    1   99    2   99
    2
    1  100    2  100
    2
    1  101    2  101
    2
    1  102    2  102
    2
    1  103    2  103
    2
    1  104    2  104
    2
    1  105    2  105
    2
    1  106    2  106
    2
    1  107    2  107
    2
    1  108    2  108
    2
    1  109    2  109
    2
    1  110    2  110
    2
    1  111    2  111

